version: 1
creator: callgrind-3.11.0
pid: 10589
cmd:  ./um ../benchmarks/midmark.um
part: 1


desc: I1 cache: 
desc: D1 cache: 
desc: LL cache: 

desc: Timerange: Basic block 0 - 463407882
desc: Trigger: Program termination

positions: line
events: Ir
summary: 2629221894


ob=(1) /usr/lib64/ld-2.17.so
fl=(21) /usr/src/debug/glibc-2.17-c758a686/elf/../sysdeps/unix/sysv/linux/dl-sysdep.c
fn=(60) _dl_discover_osversion
45 7
+2 3
+85 8
-45 3
cfi=(22) /usr/src/debug////////glibc-2.17-c758a686/posix/../sysdeps/unix/syscall-template.S
cfn=(62) uname
calls=1 -6 
* 5
* 1
+15 1
-15 1
+20 1
-1 1
+3 12
+4 3
-2 6
+2 10
+2 1
+1 2
-3 4
+7 3
-1 3
+4 3
-2 3
+2 10
+5 2

fl=(23) /usr/src/debug/glibc-2.17-c758a686/elf/dl-load.c
fn=(100) _dl_map_object
2097 6
+12 12
-12 6
+12 6
-12 54
+12 6
-12 12
+12 12
+12 30
-12 45
+5 54
+1 36
+2 54
cfi=(31) /usr/src/debug/glibc-2.17-c758a686/elf/dl-misc.c
cfn=(102) _dl_name_match_p
calls=18 304 
* 1245
* 39
2402 48
2144 6
+11 12
-56 6
+92 6
-2 3
+2 3
cfi=(25) /usr/src/debug////////glibc-2.17-c758a686/string/../sysdeps/x86_64/rtld-strchr.S
cfn=(76) index
calls=3 38 
* 175
* 6
2333 5
cfn=(74) expand_dynamic_string_token
calls=1 434 
* 390
+1 1
-3 1
+4 1
-1 2
+4 6
cfn=(104) open_verify
calls=1 1684 
* 328
+3 1
-3 1
+3 1
+12 9
+2 6
+44 3
+1 21
-1 3
+1 15
cfn=(110) _dl_map_object_from_fd
calls=3 919 
* 6576
* 3
2195 4
cfi=(10) /usr/src/debug////////glibc-2.17-c758a686/string/../sysdeps/x86_64/rtld-strlen.S
cfn=(20) strlen
calls=2 26 
* 121
* 2
+2 2
-2 2
+2 2
+7 8
+35 4
+1 30
cfn=(134) open_path
calls=2 1948 
* 1872
* 6
+6 12
716 2
2247 2
716 4
2325 4
-97 10
+21 4
+6 8
+2 6
+4 4
cfi=(39) /usr/src/debug/glibc-2.17-c758a686/elf/dl-cache.c
cfn=(138) _dl_load_cache_lookup
calls=2 185 
* 2995
+2 2
-2 2
+2 2
+5 6
+8 4
+28 20
cfn=(104)
calls=2 1684 
* 1218
+3 2
-3 2
+3 4
+1 4
-79 14
716 2
2230 2
716 4
2208 2
+8 10
-7 4
-1 2
+8 16
-3 6
716 2
2214 2
716 4
2122 45
+3 6
+2 6
-1 12
+1 6
cfi=(19) /usr/src/debug////////glibc-2.17-c758a686/string/../sysdeps/x86_64/strcmp.S
cfn=(54) strcmp
calls=6 132 
* 105
* 12

fn=(130) _dl_dst_count
282 5
+3 5
-3 20
+3 5
cfi=(25)
cfn=(76)
calls=5 38 
* 391
+3 5
-3 5
+3 5
+1 5
+19 30

fn=(70) fillin_rpath
504 7
+2 1
-2 9
+4 3
cfi=(17) /usr/src/debug/glibc-2.17-c758a686/elf/dl-minimal.c
cfn=(72) strsep
calls=1 337 
* 243
* 6
cfi=(17)
cfn=(72)
calls=2 337 
* 207
* 9
+4 2
+3 2
-4 2
+4 2
+27 25
+1 10
+57 4
cob=(2) ???
cfi=(16) ???
cfn=(78) 0x0000000004000ac0
calls=2 0 
* 14
* 2
-39 4
+4 6
+1 6
-1 2
+1 2
-2 2
cfi=(17)
cfn=(40) malloc
calls=2 93 
* 68
* 2
+3 2
-3 2
+3 6
+5 2
+1 6
-2 2
+2 2
cfi=(18) /usr/src/debug////////glibc-2.17-c758a686/string/../sysdeps/x86_64/memcpy.S
cfn=(68) mempcpy
calls=2 61 
* 58
+3 2
-3 2
+3 2
-2 2
+2 2
+1 1
+5 4
+1 2
-1 4
+1 26
+1 20
+3 2
-1 4
+1 2
+7 2
+1 2
+3 6
-81 6
cfn=(74)
calls=2 -83 
* 382
+3 2
-3 2
+3 2
+5 4
cfi=(10)
cfn=(20)
calls=2 26 
* 82
+1 4
+7 12
+5 8
+23 4
+43 1
+3 9
-74 4
+59 4

fn=(110)
919 33
+11 3
-11 3
+11 3
-11 9
+11 3
cfi=(26) /usr/src/debug/glibc-2.17-c758a686/elf/dl-debug.c
cfn=(82) _dl_debug_initialize
calls=3 51 
* 24
+4 9
-4 3
+4 3
cfi=(33) /usr/src/debug/glibc-2.17-c758a686/io/../sysdeps/unix/sysv/linux/wordsize-64/fxstat.c
cfn=(114) _fxstat
calls=3 35 
* 30
* 6
+11 21
+1 9
-1 27
+1 36
476 3
1636 24
963 6
+25 6
+10 6
+22 3
-89 3
+89 9
+35 21
cfi=(15) /usr/src/debug/glibc-2.17-c758a686/elf/dl-object.c
cfn=(32) _dl_new_object
calls=3 62 
* 1477
+1 3
-1 3
+1 3
+11 6
+5 3
-5 3
+1 6
+1 3
+2 3
-2 3
+2 12
+1 9
+1 3
+24 57
+8 3
-8 6
+8 3
-8 9
+8 3
+99 3
1098 3
1204 3
1099 3
-11 3
1204 6
+8 12
1106 45
-1 184
+1 133
+6 6
+1 9
+1 3
+9 30
+6 12
+1 6
-1 24
+7 24
+11 6
+2 6
-1 6
+4 6
-5 6
+1 6
-1 12
+2 6
-1 6
+2 6
+3 6
+4 6
-9 6
+2 6
+1 6
+1 6
+1 6
+4 6
+1 9
+5 6
-16 3
+16 15
+10 3
-10 6
-16 3
+16 15
+10 3
+3 3
+5 1
-1 1
+3 1
-1 1
-1 1
+1 1
+3 3
+1 2
+3 2
+4 4
+6 1
cfi=(27) /usr/src/debug/glibc-2.17-c758a686/elf/../elf/dl-tls.c
cfn=(146) _dl_next_tls_modid
calls=1 52 
* 6
* 2
+1 1
+60 6
+1 9
+1 3
-6 6
+1 3
1117 2
+1 7
1265 9
+13 24
+2 6
+14 3
+5 18
cfi=(34) /usr/src/debug/glibc-2.17-c758a686/misc/../sysdeps/unix/sysv/linux/wordsize-64/mmap.c
cfn=(116) mmap
calls=3 32 
* 105
+4 3
-4 3
+4 3
+7 3
+1 3
-1 3
+1 3
+2 3
-3 3
+1 3
+2 3
+10 3
+2 3
+33 18
+1 9
+2 12
+8 24
+6 3
+2 3
-2 3
+1 3
+2 3
-1 3
+1 3
-1 9
+8 6
+3 6
+11 21
cfi=(36) /usr/src/debug////////glibc-2.17-c758a686/string/../sysdeps/x86_64/rtld-memset.S
cfn=(120) memset
calls=3 30 
* 1998
+1 15
+5 6
+15 6
-74 30
+2 12
+2 24
cfi=(34)
cfn=(116)
calls=3 32 
* 93
* 6
1068 3
1424 12
+9 6
fi=(3) /usr/src/debug/glibc-2.17-c758a686/elf/get-dynamic-info.h
38 3
fe=(23)
1433 3
fi=(3)
38 3
+6 3
-2 3
+2 6
+7 3
+5 3
+3 3
-1 3
-3 3
-3 66
+10 15
-18 45
+8 58
+10 58
-18 174
+18 2
-18 6
+2 150
+5 68
+2 8
+16 6
+20 12
+1 12
+1 12
+1 12
+2 12
+5 12
+1 11
+1 11
+35 9
+5 2
+2 2
-2 2
+2 2
+2 4
+2 4
+1 1
+2 9
+10 2
-8 4
+9 4
-1 2
+5 4
+1 2
+2 6
fe=(23)
1439 6
+16 9
+19 6
+2 15
+51 9
+1 2
+3 2
cfi=(32) /usr/src/debug////////glibc-2.17-c758a686/io/../sysdeps/unix/syscall-template.S
cfn=(124) close
calls=1 81 
* 5
* 4
cfi=(32)
cfn=(124)
calls=2 81 
* 10
* 6
+8 15
+3 9
+2 3
-2 3
+2 3
+16 6
cfi=(6) /usr/src/debug/glibc-2.17-c758a686/elf/dl-lookup.c
cfn=(10) _dl_setup_hash
calls=3 865 
* 60
+4 6
+1 6
+17 6
+1 1
+3 1
+6 1
-6 1
+1 2
+5 1
-6 2
+6 2
-6 2
+1 4
+5 2
+10 6
+10 9
cfi=(15)
cfn=(48) _dl_add_to_namespace_list
calls=3 33 
* 132
+4 9
fi=(3)
56 8
fe=(23)
1320 3
-1 15
cfi=(35) /usr/src/debug////////glibc-2.17-c758a686/misc/../sysdeps/unix/syscall-template.S
cfn=(118) mprotect
calls=3 81 
* 15
* 3
fi=(3)
59 8
+1 2
+1 8
fe=(23)
1362 10
+2 2
-1 6
+1 4
-1 2
+1 4
-1 4
+3 8
+43 8
cfi=(34)
cfn=(116)
calls=1 32 
* 31
+3 2
1539 6
940 2

fn=(134)
1948 16
+1 2
-1 10
+7 2
-7 2
+1 2
+6 4
+5 34
+74 2
-74 2
-7 2
-1 2
+82 2
-22 2
-52 2
+52 8
-40 2
-9 2
+9 4
-9 2
+9 2
+7 16
cfi=(18)
cfn=(68)
calls=4 61 
* 116
+1 4
-1 4
+1 12
-13 8
+33 16
-20 38
+3 32
+4 80
cfi=(18)
cfn=(68)
calls=10 61 
* 198
* 40
cfi=(18)
cfn=(68)
calls=10 61 
* 230
* 10
+3 10
+3 20
+3 70
cfn=(104)
calls=10 1684 
* 400
* 10
+2 30
+26 8
+2 6
+36 2
+27 16
-84 16
+1 72
+6 16
+2 24
-2 8
+2 8
cfi=(38) /usr/src/debug/glibc-2.17-c758a686/io/../sysdeps/unix/sysv/linux/wordsize-64/xstat.c
cfn=(136) _xstat
calls=8 35 
* 98
* 16
+1 2
+2 2
-2 2
+2 16
+7 4
-44 4
+37 12
+7 12
-44 14
+85 20
+7 4
-2 4
+2 12
+3 6
+14 6
-72 12

fn=(104)
1684 130
+36 13
-36 26
+36 26
+21 52
cfi=(32)
cfn=(106) open
calls=13 81 
* 105
+1 13
-1 13
+1 13
+10 3
+1 6
+5 18
cfi=(32)
cfn=(108) read
calls=3 81 
* 15
+2 6
+2 3
+2 3
-2 3
+2 3
-2 3
+8 6
+16 15
cfi=(14) /usr/src/debug/glibc-2.17-c758a686/string/../string/memcmp.c
cfn=(30) bcmp
calls=3 309 
* 258
* 6
+2 3
-2 6
+4 12
cfi=(14)
cfn=(30)
calls=3 309 
* 240
-4 6
+60 6
+5 6
+3 12
+5 6
+7 3
+1 3
-1 12
+1 9
+1 3
+15 127
+1 42
+4 8
+1 4
+13 2
+1 2
+2 2
-3 2
+1 2
-1 2
+1 2
-2 2
+4 4
+5 2
+1 2
-13 8
cfi=(14)
cfn=(30)
calls=2 309 
* 146
* 8
cfi=(14)
cfn=(30)
calls=2 309 
* 160
* 8
+16 4
+6 2
-3 2
+1 2
+1 2
+1 4
+1 8
-4 2
+1 2
+1 2
-1 6
-1 2
+4 4
+5 10
+8 96
1817 1
1934 8
1786 8
cfi=(14)
cfn=(30)
calls=2 309 
* 176
* 4

fn=(74)
434 24
285 6
434 3
285 3
cfi=(25)
cfn=(76)
calls=3 38 
* 269
+3 3
-3 3
+3 3
161 6
cfi=(10)
cfn=(20)
calls=3 26 
* 186
* 3
+1 6
cfi=(17)
cfn=(40)
calls=3 -69 
* 102
* 3
+2 6
459 3
167 6
459 18
167 6
cfi=(18)
cfn=(46) memcpy
calls=3 61 
* 113

fn=(64) _dl_init_paths
739 1
+13 2
-13 8
+13 3
cfi=(24) /usr/src/debug/glibc-2.17-c758a686/elf/dl-hwcaps.c
cfn=(66) _dl_important_hwcaps
calls=1 39 
* 346
+5 1
-5 1
+5 1
cfi=(17)
cfn=(40)
calls=1 93 
* 34
* 1
+1 1
-1 1
-1 1
+2 1
+8 1
-1 1
+1 1
-1 4
+5 4
cfi=(17)
cfn=(40)
calls=1 93 
* 34
* 1
+2 1
-2 1
-1 1
+3 1
+7 1
+10 1
+9 1
-20 1
+12 1
-1 1
+3 1
+1 1
-1 1
+6 9
+1 10
+2 2
-12 1
+12 1
-14 1
+2 1
+3 1
-2 1
+3 1
-1 8
+1 3
+6 11
-1 2
+14 1
-11 1
+6 1
+1 1
+5 2
+4 3
+32 4
-16 1
-2 1
+2 2
+18 2
cfi=(10)
cfn=(20)
calls=1 26 
* 76
* 20
cfi=(18)
cfn=(46)
calls=1 61 
* 31
+5 1
-5 1
+5 3
-1 2
+2 1
+1 3
-2 4
+1 26
+1 78
-2 105
+5 1
cfi=(17)
cfn=(40)
calls=1 93 
* 34
* 1
+1 1
-2 1
+2 1
+6 7
cfn=(70)
calls=1 504 
* 1331
+3 3
+6 1
+4 8
-37 2
-46 2

fl=(39)
fn=(138)
185 18
+8 4
+3 6
+45 4
+6 2
-6 1
+6 2
+8 2
+20 2
-20 2
+7 2
-7 2
+20 2
-20 2
+7 4
-7 2
+7 2
+13 305
cfn=(142) _dl_cache_libcmp
calls=19 139 
* 1416
* 82
-76 4
cfi=(31)
cfn=(140) _dl_sysdep_read_whole_file
calls=1 43 
* 94
+8 1
-8 1
+8 4
+1 4
cfi=(14)
cfn=(30)
calls=1 309 
* 112
* 2
+7 1
-3 1
+3 3
+3 1
+1 2
-1 1
+1 1
+1 3
cfi=(14)
cfn=(30)
calls=1 +89 
* 165
* 2
+2 2
+53 28
cfn=(142)
calls=2 139 
* 144
* 10
-12 6
+12 2
-12 4
-1 4
+13 46
+16 4
+4 4
+8 4
cfi=(10)
cfn=(20)
calls=2 26 
* 131
* 34
+1 2
-1 2
+1 4
cfi=(18)
cfn=(46)
calls=2 61 
* 54
+1 4
cfi=(40) /usr/src/debug/glibc-2.17-c758a686/string/strdup.c
cfn=(144) strdup
calls=2 40 
* 226
+1 16

fn=(142)
139 63
+1 46
+2 212
+2 106
-2 106
+2 4
+6 2
+2 2
-1 2
-1 2
+1 2
-1 2
+2 6
+2 10
+2 4
+6 208
+2 378
+4 85
+1 85
-29 170
+32 4
+1 4
-8 19
+8 38

fn=(224) _dl_unload_cache
316 4
-1 1
+3 2
cfi=(35)
cfn=(226) munmap
calls=1 81 
* 5
+1 1
+2 2

fl=(26)
fn=(86) _dl_debug_state
75 2

fn=(82)
51 10
+5 8
+5 2
-1 1
+1 2
+1 2
-1 2
-9 5
+4 10
+4 1
-1 1
-59 5

fl=(37) /usr/src/debug/glibc-2.17-c758a686/elf/dl-deps.c
fn=(128) _dl_map_object_deps
147 1
+1 1
-1 2
+1 1
-1 1
+1 1
-1 1
+1 2
-1 4
+1 2
-1 1
+1 2
-1 1
+1 10
+15 1
-15 1
+16 1
-2 1
+1 1
-15 1
+16 1
+6 3
+10 1
-10 1
+10 3
-14 1
-4 1
+2 1
+17 1
-17 1
-2 2
+2 1
-2 1
+2 1
-2 1
+1 1
+1 1
+6 3
+10 1
-10 1
+10 3
-16 4
+20 1
+21 1
+1 1
-22 2
+19 1
-12 1
+15 1
-16 1
+13 1
347 9
215 1
+4 1
-8 1
+8 2
-4 4
+4 4
-8 4
+8 8
+12 15
+2 6
+6 3
-6 6
+5 3
+1 3
+5 3
-4 3
+4 3
-4 3
+1 3
+3 3
-3 3
+3 6
-32 3
+32 6
+1 158
+6 20
cfi=(23)
cfn=(130)
calls=5 +31 
* 476
* 15
+5 25
-3 5
+3 5
cfi=(29) /usr/src/debug/glibc-2.17-c758a686/elf/dl-error.c
cfn=(92) _dl_catch_error
calls=5 -97 
* 13683
+2 15
+15 5
+2 10
+19 10
+1 9
-51 316
475 10
+2 9
+3 6
-1 3
cfi=(17)
cfn=(40)
calls=3 93 
* 102
* 3
+2 3
-2 3
+2 3
+3 3
+1 12
-1 3
+1 3
cfi=(18)
cfn=(46)
calls=3 61 
* 68
+1 15
cfi=(18)
cfn=(46)
calls=3 61 
* 68
+4 3
-1 3
+5 36
+3 12
-1 5
+1 10
204 1
501 6
+1 2
+3 6
+11 4
-1 1
cfi=(17)
cfn=(40)
calls=1 93 
* 34
* 1
+3 1
-3 1
+3 2
+5 7
+1 4
+2 11
+6 12
+4 4
-10 4
+10 4
-10 9
+6 3
+4 1
-10 1
+10 1
-10 3
+13 2
+53 4
+43 18
+1 1
-1 3
-1 1
+2 1
cfi=(36)
cfn=(120)
calls=1 30 
* 16
* 11
+5 1
-1 1
+7 1
-6 1
+6 1
-11 9
+5 3
-1 3
+7 3
-6 3
+6 6
+2 12
+1 6
-1 12
+1 9
+3 21
-1 30
+23 6
-28 12
+31 12
+3 30
cfi=(36)
cfn=(120)
calls=3 30 
* 30
* 12
280 18
+6 3
-6 6
+3 3
+1 3
+1 3
+1 3
+4 15
-2 12
-37 8
-20 8
-19 4
+7 10
+1 22
+2 3
+2 9
+2 22
+71 222
688 2
+2 1
+1 1
-1 1
+9 3
+3 2
+3 8
226 26
628 10
cfi=(18)
cfn=(46)
calls=1 61 
* 42
+2 4
+33 3

fn=(132) openaux
60 10
+7 5
-4 15
+1 5
-1 5
+1 5
-1 25
cfi=(23)
cfn=(100)
calls=5 2097 
* 13308
* 5
+5 10

fl=(2) /usr/src/debug/glibc-2.17-c758a686/elf/rtld.c
fn=(50) rtld_lock_default_lock_recursive
787 12

fn=(158) init_tls
678 1
-1 1
-6 1
+2 2
+4 1
+10 2
-4 1
+4 2
cfi=(17)
cfn=(36) calloc
calls=1 102 
* 43
* 1
-1 1
+6 1
-9 1
+11 1
+6 1
-1 1
+1 12
+2 10
+4 1
+2 1
-2 2
-5 10
+12 1
cfi=(27)
cfn=(160) _dl_determine_tlsoffset
calls=1 144 
* 56
+7 1
cfi=(27)
cfn=(162) _dl_allocate_tls_storage
calls=1 349 
* 455
+1 1
-1 1
+1 1
+6 1
+4 1
-4 1
+4 6
+3 2
+3 2

fn=(150) version_check_doit
611 2
+2 4
cfi=(41) /usr/src/debug/glibc-2.17-c758a686/elf/dl-version.c
cfn=(152) _dl_check_all_versions
calls=1 381 
* 4213
* 2
+4 2

fn=(24) dl_main
875 10
+19 1
2464 1
875 1
2464 1
875 1
+19 1
+3 1
-22 2
+22 1
+4 2
+1 2
+5 2
2457 2
+7 1
-5 1
+5 4
+5 1
cfi=(12) /usr/src/debug/glibc-2.17-c758a686/elf/dl-tunables.c
cfn=(26) _dl_process_tunable_env_entries
calls=1 37 
* 423
* 1
-9 4
+11 2
cfi=(13) /usr/src/debug/glibc-2.17-c758a686/elf/dl-environ.c
cfn=(28) _dl_next_ld_env_entry
calls=1 30 
* 34
* 4
cfi=(13)
cfn=(28)
calls=2 30 
* 416
* 9
+4 48
+1 19
-1 57
+3 4
+6 16
2632 3
+30 3
915 2
-2 1
+2 1
1111 7
cfi=(15)
cfn=(32)
calls=1 62 
* 244
* 1
+3 1
+1 1
+5 2
-5 1
+1 1
884 1
1116 1
+4 1
cfi=(15)
cfn=(48)
calls=1 33 
* 34
* 3
+30 1
-3 1
-5 1
+1 1
+2 1
+5 6
+56 2
881 1
1206 2
-55 24
-1 27
+1 47
-1 2
1253 3
+3 2
+2 2
+2 2
+13 2
+1 8
cfi=(19)
cfn=(54)
calls=1 132 
* 7
* 3
+11 1
-4 1
+1 1
-3 1
+6 1
+6 2
fi=(3)
29 1
+9 2
+6 1
-2 1
+2 2
+7 1
+5 1
+3 1
+2 1
-3 1
-3 1
-3 14
+10 3
-18 9
+8 21
+10 21
-18 63
+2 48
+5 12
+18 3
+67 3
+14 3
+18 2
fe=(2)
1296 2
cfi=(6)
cfn=(10)
calls=1 865 
* 14
+3 2
fi=(20) /usr/src/debug/glibc-2.17-c758a686/elf/setup-vdso.h
24 2
fe=(2)
1321 1
cfi=(21)
cfn=(60)
calls=1 45 
* 93
* 8
1155 3
+1 1
+90 2
+1 2
+1 1
-6 2
+1 1
-37 2
-1 2
+1 4
-1 2
+2 4
+1 1
+3 2
+1 2
-1 2
+1 2
+1 2
+1 6
+1 2
-45 1
+9 1
-9 1
+9 1
-7 1
+25 1
-25 1
-3 1
+10 1
-19 3
+1 1
2559 4
+1 4
cfi=(14)
cfn=(30)
calls=1 309 
* 120
* 2
+2 3
-57 4
cfi=(14)
cfn=(30)
calls=1 309 
* 26
* 2
+7 4
cfi=(14)
cfn=(30)
calls=1 309 
* 80
* 2
+2 3
1326 2
cfi=(23)
cfn=(64)
calls=1 739 
* 2276
+3 3
cfi=(26)
cfn=(82)
calls=1 51 
* 17
+7 1
-7 1
+2 1
+5 1
+3 3
+1 1
+3 1
-3 3
+1 2
+3 1
+5 1
-7 1
+7 1
+1 5
+4 1
+4 1
-2 4
+1 2
+1 3
+5 2
+1 6
+2 2
+1 2
+5 2
+6 4
+1 2
-2 1
890 1
1558 1
cfi=(27)
cfn=(84) _dl_count_modids
calls=1 111 
* 4
* 1
+8 3
+3 2
+4 3
+7 1
+4 3
+19 3
+16 3
cfi=(32)
cfn=(126) access
calls=1 81 
* 9
* 2
+77 4
+17 3
+1 1
-1 1
+1 2
-1 1
+1 5
cfi=(37)
cfn=(128)
calls=1 147 
* 16202
+1 1
+5 1
-5 3
+2 2
+3 4
+1 4
-1 2
+1 16
-1 8
+4 3
+1 3
+1 1
+2 2
+1 5
-1 5
+1 6
-1 9
-28 11
168 2
1742 1
-1 2
+1 1
+2 1
+2 3
+2 1
-4 1
+4 2
+15 2
+1 3
+13 1
-2 1
+2 1
-2 1
+2 1
-1 1
-1 2
+2 1
cfi=(29)
cfn=(148) _dl_receive_error
calls=1 197 
* 4253
+10 1
+1 1
-1 1
+1 1
+1 1
cfn=(158)
calls=1 678 
* 626
* 1
+2 2
802 1
fi=(112) /usr/src/debug/glibc-2.17-c758a686/elf/../sysdeps/unix/sysv/linux/dl-osinfo.h
86 2
fe=(2)
804 1
fi=(112)
112 1
fe=(2)
813 1
+7 1
-5 1
1796 2
2029 3
+56 1
+4 1
+7 1
-11 1
+4 3
+4 2
+3 1
+8 2
+99 4
+2 1
+5 2
cfi=(27)
cfn=(220) _dl_allocate_tls_init
calls=1 443 
* 254
+4 2
+12 2
+29 1
cfi=(7) /usr/src/debug/glibc-2.17-c758a686/elf/../elf/dl-sysdep.c
cfn=(222) _dl_sysdep_start_cleanup
calls=1 251 
* 1
+4 3
+20 3
cfi=(26)
cfn=(82)
calls=1 51 
* 8
+1 1
-1 1
+2 1
cfi=(26)
cfn=(86)
calls=1 75 
* 1
+1 1
+4 1
cfi=(39)
cfn=(224)
calls=1 316 
* 15
+5 8
1315 3
1605 3
+1 1
-1 2
+1 1
cfn=(88) handle_ld_preload
calls=1 840 
* 3621
* 1
+1 4
+2 3
-31 2
+1 1
cfi=(26)
cfn=(86)
calls=1 75 
* 1
* 1
2226 2
+15 1
+3 1
-3 1
+3 1
-3 2
+3 2
-3 1
+2 1
+1 1
cfi=(42) /usr/src/debug/glibc-2.17-c758a686/elf/dl-reloc.c
cfn=(164) _dl_relocate_object
calls=1 148 
* 9236
+1 4
+2 3
2079 1
883 2
1739 2
2150 3
+7 1
+2 11
+2 1
+2 15
+5 10
+2 10
+8 5
-2 5
+2 10
+1 32
cfi=(42)
cfn=(164)
calls=4 148 
* 121261
+4 17
-22 14
+25 4
+2 1
+6 1
-6 1
+6 1
1700 6
+1 1
-1 2
+4 1
+1 1
-1 1
+2 2
2172 1
+1 1
-3 2
+14 2
cfi=(27)
cfn=(194) _dl_add_to_slotinfo
calls=1 879 
* 24
* 1

fn=(88)
840 9
+1 1
-76 1
+86 1
-11 2
-75 6
+80 3
fi=(28) /usr/src/debug/glibc-2.17-c758a686/elf/../string/bits/string2.h
984 3
+1 5
-1 264
+1 132
+1 66
-2 66
+2 66
-2 199
+2 1
-2 3
fe=(2)
849 3
+10 4
108 3
862 2
760 1
+5 5
-10 1
+4 1
+1 1
+1 1
+2 1
+2 1
cfi=(29)
cfn=(92)
calls=1 159 
* 2649
+1 2
+8 3
+89 1
-18 3
+21 9
-15 4
cfi=(18)
cfn=(46)
calls=1 61 
* 94
* 1
+1 3

fn=(2) _dl_start
430 9
+18 4
fi=(3)
44 1
fe=(2)
448 1
fi=(5) /usr/src/debug/glibc-2.17-c758a686/elf/../sysdeps/x86_64/dl-machine.h
59 3
fi=(3)
-15 1
fe=(2)
474 1
-3 1
fi=(3)
44 1
+17 2
-3 1
-7 1
+5 1
+3 1
+2 1
-3 1
-3 1
-3 2
-5 28
+15 14
-18 42
+18 1
-18 3
+2 40
+5 24
+1 20
+10 5
-18 15
+25 2
+20 4
+1 4
+1 4
+1 4
+2 4
+5 4
+1 4
+1 4
fe=(2)
496 34
fi=(4) /usr/src/debug/glibc-2.17-c758a686/elf/do-rel.h
111 1
-28 1
+28 2
fi=(5)
498 3
fi=(4)
111 2
fi=(5)
498 1
fi=(4)
111 1
fi=(5)
498 27
fi=(4)
111 18
fi=(5)
498 9
fi=(4)
111 9
+13 1
fi=(5)
310 1
fi=(4)
124 2
+13 1
+2 2
-2 1
fi=(5)
264 1
fi=(4)
137 1
fi=(5)
292 1
fi=(4)
137 2
fi=(5)
292 1
fi=(4)
137 7
+2 14
-2 7
fi=(5)
264 7
fi=(4)
137 7
fi=(5)
292 7
fi=(4)
137 14
fi=(5)
292 7
+9 16
+3 8
-3 16
+3 24
+6 48
fi=(3)
53 4
+3 4
+3 4
+1 1
+1 2
fe=(2)
378 1
498 1
378 1
cfi=(6)
cfn=(10)
calls=1 865 
* 23
+1 2
+1 2
+1 2
+1 2
+9 1
+9 1
-9 3
+9 1
-6 1
-3 1
+9 1
cfi=(7)
cfn=(12) _dl_sysdep_start
calls=1 86 
* 161158
* 1
+9 4
+3 1
+4 1
-4 1
+4 1
523 9
fi=(5)
399 8
+9 8
fi=(4)
124 25
fe=(2)

fn=(52) rtld_lock_default_unlock_recursive
793 12

fn=(94) _dl_initial_error_catch_tsd
747 14

fn=(98) map_doit
579 2
+2 7
cfi=(23)
cfn=(100)
calls=1 2097 
* 2579
* 1
+2 2

fl=(25)
fn=(76)
38 11
+1 11
+1 11
+1 11
+1 7
+1 7
+3 7
+1 7
+1 7
-2 28
+1 28
+1 28
+1 35
+1 35
+1 35
+1 35
+1 35
+9 11
+1 11
+1 11
+2 22
+32 11
+1 11
+1 11
+1 11
+2 11
+3 11
-8 2
+1 2
+1 2
+1 2
+2 2
+3 2
+1 13
+1 13
+1 13
+2 13
+5 12
+1 12
+1 12
+3 12
+1 11
+1 11
+1 11
+2 11
+3 7
+1 7
+1 7
+1 7
+2 7
+3 7
+1 7
+1 7
+1 7
+2 7
+5 7
+1 7
+1 7
+3 7
+1 6
+1 6
+1 6
+2 6
+2 2
+1 2
+1 2
+1 2
+2 2
+3 2
+1 2
+1 2
+1 2
+2 2
+5 2
+1 2
+1 2
+3 2
+1 2
+1 2
+1 2
+2 2
+2 2
+1 2
+1 2
+1 2
+2 2
+3 2
+1 2
+1 2
+1 2
+2 2
+5 2
+1 2
+1 2
+3 2
+1 2
+1 2
+1 2
+2 2
+4 10
+1 10
+11 1
+1 1
+1 1
+1 1
+47 1
+1 1

fl=(41)
fn=(152)
381 6
+4 4
-2 2
+4 35
cfn=(154) _dl_check_map_versions
calls=5 174 
* 4124
-2 5
+2 15
-1 5
-1 10
+5 7

fn=(154)
174 45
+15 5
-15 10
+15 10
+2 5
+3 5
-3 5
+2 5
+1 5
+2 5
-3 5
+3 5
+3 12
+4 18
+17 3
56 3
220 3
56 3
220 3
56 15
220 1
56 1
220 1
56 1
220 1
56 5
+1 14
-1 28
+2 54
cfi=(31)
cfn=(102)
calls=18 304 
* 1240
* 40
228 12
+5 32
+20 2
-16 71
cfn=(156) match_symbol
calls=1 76 
* 135
* 15
cfn=(156)
calls=5 76 
* 919
* 6
+8 24
+3 26
+9 16
+5 1
+1 1
-80 2
-8 2
+96 15
+3 9
+10 28
-7 112
+3 84
-3 12
+3 9
+8 5
+86 5
-86 5
+87 8
-81 16
cfi=(17)
cfn=(36)
calls=4 102 
* 220
* 4
+1 4
-2 4
+2 4
+11 4
-3 4
+3 8
+2 12
+3 12
+4 12
+18 2
-15 6
+2 6
-2 12
+2 12
+2 6
+1 6
-1 12
+1 6
-1 6
+1 6
+1 6
-2 6
+2 12
+1 18
+3 18
+8 12
+5 1
+1 1
+4 12
+3 12
+20 28
-14 28
-2 28
+2 31
-2 3
+2 3
+4 28
+2 28
-1 56
+1 28
-1 84
+1 28
+1 28
+3 93
+10 4
-1 4
+1 28

fn=(156)
76 66
+9 6
-8 6
-1 12
+1 6
+8 6
+6 18
+18 12
+5 12
+14 78
+12 99
+4 33
-30 66
+16 6
+3 24
cfi=(19)
cfn=(54)
calls=6 -1 
* 544
* 12
+35 48

fl=(18)
fn=(68)
61 32
+4 32
+3 32
+1 32
+2 13
+1 13
+2 13
+1 13
+5 13
+1 13
-1 19
+1 19
+2 19
+1 19
+2 19
+1 19
+5 19
+1 19
-1 13
+1 13
+2 12
+1 12
+2 12
+1 12
+5 12
+1 12
-1 20
+1 20
+2 18
+1 18
+2 18
+1 36
+5 18
+1 18
-1 14
+1 17
+5 3
+1 3
+1 3
+1 3
+2 3
+2 3
+1 3
+2 3
+6 32
+4 32
+12 1
+2 1
+1 1
+26 1
+1 1
+3 1
+1 1
+1 1
+5 1
+2 1
+1 1
+1 1
+1 1
+2 1
+1 1
+1 1
+1 1
+2 1
+1 1
+2 1
+2 1
+2 1
+1 1
+1 1
+1 1
+2 1
+1 1
+1 1
+1 1
+2 1
+1 1
+2 3
+5 1
+2 1

fn=(46)
61 23
+2 23
+2 23
+3 23
+1 23
+2 8
+1 8
+2 8
+1 8
+5 8
+1 8
-1 15
+1 15
+2 4
+1 4
+2 4
+1 8
+5 4
+1 4
-1 19
+1 19
+2 6
+1 6
+2 6
+1 6
+5 6
+1 6
-1 17
+1 17
+2 14
+1 14
+2 14
+1 14
+5 14
+1 14
-1 9
+1 19
+5 10
+1 10
+1 10
+1 10
+2 10
+2 10
+1 10
+2 10
+8 23
+8 4
+6 4
+2 4
+1 4
+3 1
+1 3
+5 1
+1 1
+2 1
+2 1
+1 1
+2 1
-8 3
+1 3
+2 3
+2 3
+1 3
+2 5
+9 1
+1 1
-1 3
+1 3
+3 4
+1 4
+1 4
+5 4
+2 4
+1 4
+1 4
+1 4
+2 4
+1 4
+1 4
+1 4
+2 4
+1 4
+2 4
+2 2
+2 2
+1 2
+1 2
+1 2
+2 2
+1 2
+1 2
+1 2
+2 2
+1 2
+2 6
+5 2
+6 2
+1 2
-7 2
+6 2
+1 2

fl=(27)
fn=(220)
443 7
+1 1
-1 1
+1 1
+4 1
+6 2
-6 2
+6 2
+12 1
-15 1
-1 2
+21 6
+6 12
+3 1
+1 2
+7 1
+2 1
-2 2
+2 3
+1 1
+3 2
-1 2
+18 1
-2 1
-8 1
+8 2
-8 1
+8 1
cfi=(18)
cfn=(68)
calls=1 61 
* 23
* 4
cfi=(36)
cfn=(120)
calls=1 30 
* 150
* 2
-38 3
+52 2
+2 1
+1 8

fn=(146)
52 3
+48 2
+4 1

fn=(162)
349 1
+13 1
-13 2
+2 1
+11 2
cfi=(17)
cfn=(44) __libc_memalign
calls=1 51 
* 78
* 1
+1 1
-1 1
+1 1
+7 1
+4 306
-58 1
+1 1
-1 1
+1 2
cfi=(17)
cfn=(36)
calls=1 102 
* 43
* 1
+1 2
+9 1
-6 1
+6 1
+64 5

fn=(194)
879 6
+6 1
+3 2
+5 5
+41 1
+1 3
+1 6

fn=(84)
111 2
+1 2

fn=(160)
144 1
+34 1
-34 1
+34 2
-45 1
+1 1
+2 1
-3 1
+2 1
-2 1
+43 1
-43 2
+50 1
-1 1
+5 2
-4 1
-1 1
+7 1
-7 1
+3 2
+2 1
+2 1
-2 2
+16 5
+2 1
+1 1
-1 2
+4 1
+6 1
-12 1
-25 5
+40 1
+53 4
-1 1
+1 3
-52 1
+52 1

fl=(7)
fn=(12)
86 7
+25 1
-1 1
+1 1
-25 1
+25 216
+6 1
-3 1
+1 1
-4 1
+3 1
+3 4
+1 6
-1 3
-29 1
-1 2
+31 108
-1 86
fi=(21)
-82 2
cfi=(8) /usr/src/debug/glibc-2.17-c758a686/elf/../sysdeps/unix/sysv/linux/x86_64/brk.c
cfn=(14) brk
calls=1 -4 
* 12
fi=(5)
221 5
+4 1
cfi=(9) /usr/src/debug/glibc-2.17-c758a686/elf/../sysdeps/x86/cpu-features.c
cfn=(18) init_cpu_features.constprop.0
calls=1 39 
* 113
fe=(7)
+1 3
+1 1
cfi=(10)
cfn=(20)
calls=1 26 
* 42
* 1
+2 2
cfi=(11) /usr/src/debug/glibc-2.17-c758a686/elf/../misc/sbrk.c
cfn=(22) sbrk
calls=1 34 
* 17
* 3
+12 3
+3 6
cfi=(2)
cfn=(24)
calls=1 875 
* 160478
+2 9
-67 1
+1 1
-29 1
+1 1
+11 1
+1 1
-7 1
+1 1
-4 1
+1 1
-25 1
+1 1
-4 1
+1 1
-7 1
+1 1
+2 1
+1 1

fn=(222)
251 1

fl=(1) ???
fn=(0) 0x0000000000001120
0 2
cfi=(2)
cfn=(2)
calls=1 430 
0 161838
0 14
cfi=(60) /usr/src/debug/glibc-2.17-c758a686/elf/dl-init.c
cfn=(230) _dl_init
calls=1 90 
0 2316
0 3
cob=(6) /h/broove01/comp40/hw7/stage8/um
cfi=(69) ???
cfn=(278) 0x0000000000400eeb
calls=1 0 
0 2629057721

fl=(6)
fn=(170) _dl_lookup_symbol_x
716 1404
477 117
716 234
477 351
-1 234
+2 117
-1 117
+1 351
-1 351
+1 1418
-1 1418
+1 4254
-1 4488
718 117
+4 117
+9 117
-13 117
+15 117
-14 234
+14 117
-2 117
+6 936
+2 1521
cfn=(172) do_lookup_x
calls=117 82 
* 100477
+3 234
+3 12
-8 48
-7 234
+40 234
+24 105
+1 735
+26 105
+9 525
+14 315
+3 420
+5 105
+2 936
-82 84
+18 12
+1 24
+54 2

fn=(10)
865 15
+4 3
+4 6
+2 3
-1 3
+4 3
+4 3
-4 3
+1 6
+2 3
-2 3
+3 3
+2 3
+1 3
+1 12
+1 3
+3 6
+2 2
+2 2
+2 2
+1 2
+1 2
-4 2
+4 4

fn=(176) check_match.9522
132 5453
+1 1558
+2 1558
+2 1137
-2 758
+12 1137
+3 1986
cfi=(19)
cfn=(54)
calls=307 -18 
* 5512
* 614
+5 105
-1 105
+1 105
-1 105
+1 105
+2 206
+19 206
+1 824
+46 630
-18 4
+2 4
+1 8
-1 4
+1 2
-1 4
+9 274
+7 4044
-45 309
cfi=(19)
cfn=(54)
calls=103 -46 
* 8956
* 412
-43 800
+81 1200

fn=(172)
82 1053
+1 117
-6 117
+5 351
-5 819
+11 117
+1 117
233 117
-3 117
+3 117
-3 351
98 117
-3 117
+1 117
+2 117
+3 117
-3 117
+3 117
-3 356
-3 356
+1 356
+2 356
+3 356
-3 356
+3 356
+4 970
+4 940
+4 940
+7 1410
+4 940
+1 1410
226 470
+1 940
+4 488
-2 244
+5 976
+4 488
-1 488
+1 244
-1 488
+21 144
+24 730
462 1992
+1 350
cfi=(31)
cfn=(102)
calls=70 304 
* 3283
* 420
+3 1104
+3 24
287 788
+4 249
+13 105
+1 105
-1 105
+1 105
+1 105
470 936
241 416
-1 208
+2 208
+2 309
+10 303
-7 1005
+2 200
+1 400
-1 600
+1 300
cfn=(176)
calls=100 132 
* 15953
+1 500
+11 1340
+6 1157
+2 2696
-2 674
+2 674
-2 674
+4 4753
cfn=(176)
calls=679 132 
* 22172
+1 3400
-10 117
fi=(43) /usr/src/debug/glibc-2.17-c758a686/elf/../sysdeps/generic/dl-hash.h
32 117
-1 117
+1 585
+2 234
+1 351
+2 234
+1 351
+2 234
+1 351
+2 110
+1 110
-1 110
+2 330
+3 2871
+1 1914
+13 1914
-17 2871
+22 660
fe=(6)
263 220
fi=(43)
67 35
fe=(6)
263 14

fl=(14)
fn=(30)
309 17
+3 17
-3 85
+4 17
-4 17
+7 34
+4 15
+2 1
+1 1
+1 1
+1 1
+2 2
-5 4
+1 4
+1 4
+1 4
+2 8
+2 5
-9 15
+16 5
+1 10
-1 10
129 14
-15 6
340 4
+4 3
+2 3
-2 6
+1 3
+5 30
+2 13
+1 13
+1 13
+3 148
-3 86
-2 86
+1 86
+4 172
-7 192
+12 12
+1 136
225 3
-7 3
+1 3
+4 3
+2 3
-6 3
+4 3
+2 12
-92 2
+1 2
+1 2
+1 2
+1 2
+48 2
-2 2
+1 2
+1 14
-77 2
+1 4
+4 4
-5 8
+1 16
+4 18
231 2
+2 2
-4 2
+1 2
+4 2
-2 2
+56 4
-2 2
+2 4
-1 2
+1 4
+1 4
-31 1
-6 1
+1 1
+1 1
+4 1
+43 18
+1 6
-6 4

fl=(108) /usr/src/debug/glibc-2.17-c758a686/elf/dl-fini.c
fn=(508) _dl_fini
132 3
+12 1
-12 5
+19 1
-6 1
+9 10
+3 2
cfi=(2)
cfn=(50)
calls=1 787 
* 2
+3 2
+3 2
+2 7
+11 3
+2 2
+3 21
+11 2
+2 10
+4 5
+2 5
-2 10
+6 5
-5 5
-7 15
+19 6
cfn=(510) _dl_sort_fini
calls=1 33 
* 352
+9 2
cfi=(2)
cfn=(52)
calls=1 793 
* 2
+4 4
+2 1
+2 3
-2 4
+2 12
+3 10
+3 15
+4 6
+7 6
+4 3
+1 3
-1 3
+2 6
+1 9
+1 6
cob=(4) /usr/lib64/libm-2.17.so
cfi=(55) ???
cfn=(550) 0x0000000000005690
calls=1 0 
* 75
cob=(5) /usr/sup/valgrind-3.11.0/lib/valgrind/vgpreload_core-amd64-linux.so
cfi=(61) ???
cfn=(524) 0x0000000000000600
calls=1 0 
* 1115
cob=(6)
cfi=(69)
cfn=(512) 0x0000000000400fb0
calls=1 0 
* 17
-1 9
+5 9
+1 9
cob=(2)
cfi=(16)
cfn=(566) 0x0000000004c962d8
calls=1 0 
* 3
cob=(2)
cfi=(16)
cfn=(548) 0x0000000004a247a8
calls=1 0 
* 3
cob=(2)
cfi=(16)
cfn=(522) 0x00000000004016d4
calls=1 0 
* 3
+5 30
+16 10
-55 11
-70 2
284 6
-49 4
+55 2
+7 8

fn=(510)
33 8
+2 1
-2 3
+2 1
+6 1
-1 3
+1 2
-1 1
+1 14
+1 3
-1 1
+1 1
cfi=(36)
cfn=(120)
calls=1 -12 
* 16
+15 8
+62 5
+3 24
cfi=(36)
cfn=(120)
calls=3 -92 
* 30
* 12
-76 9
+1 9
+4 9
+71 2
-76 3
+1 3
+4 11
+6 4
+1 4
-1 4
+1 10
+2 12
+1 6
-1 12
+1 9
+3 21
-1 30
+31 18
+21 6
-57 12
+61 16
+7 8

fl=(40)
fn=(144)
40 8
+1 2
cfi=(10)
cfn=(20)
calls=2 -15 
* 68
* 2
+1 4
cfi=(17)
cfn=(40)
calls=2 +51 
* 68
* 2
+2 4
+4 2
-1 4
+1 4
-1 4
cfi=(18)
cfn=(46)
calls=2 +14 
* 54

fl=(15)
fn=(48)
33 8
+2 4
-2 12
+2 4
cfi=(2)
cfn=(50)
calls=4 787 
* 8
+2 29
+4 6
-1 27
+2 3
+2 3
+4 3
+4 3
-4 6
+1 6
+1 6
+2 3
+1 9
-1 3
cfi=(2)
cfn=(52)
calls=3 793 
* 6
-4 1
+4 1
-4 2
+1 2
+1 2
+2 1
+1 3
-1 1
cfi=(2)
cfn=(52)
calls=1 793 
* 2
-5 2

fn=(32)
62 44
+1 4
-1 8
+1 4
cfi=(10)
cfn=(20)
calls=4 -37 
* 228
+6 4
-6 12
+6 44
+7 16
cfi=(17)
cfn=(36)
calls=4 +26 
* 225
* 4
+3 4
-3 4
+3 4
+4 4
+5 4
-6 4
+6 4
-5 4
+5 4
-1 8
+1 4
cfi=(18)
cfn=(46)
calls=4 -27 
* 120
* 4
+4 4
-2 4
+3 4
-1 4
+1 16
+3 4
-3 4
+3 4
+9 4
-7 4
+4 4
+3 9
+2 2
-2 2
+2 30
-2 30
+12 4
+6 4
-5 4
-1 4
+6 12
-2 4
+2 8
+2 9
+3 9
+4 9
+4 9
+2 1
+6 1
+3 2
+3 5
-3 6
+3 15
+2 3
+4 3
-4 3
cfi=(10)
cfn=(20)
calls=3 26 
* 165
* 6
+4 3
-4 3
+4 9
+64 6
+4 32
-88 9
-39 9
+39 3
+70 9
cfi=(18)
cfn=(68)
calls=3 61 
* 108
* 3
+5 50
+1 50
-1 50
+1 53
-1 3
+1 9
+5 6
-57 6
cfi=(17)
cfn=(40)
calls=3 -67 
* 102
* 3
+1 3
-1 3
+1 9

fl=(34)
fn=(116)
32 11
+1 11
-1 99
+1 27
+1 110
+2 77
-3 26

fl=(31)
fn=(102)
304 530
+1 212
cfi=(19)
cfn=(54)
calls=106 132 
* 749
* 106
+1 106
-1 106
+3 106
+2 212
+4 107
-4 214
+1 342
cfi=(19)
cfn=(54)
calls=114 132 
* 2114
* 228
-5 7
+11 134
-1 99
+1 396

fn=(140)
43 1
+7 1
-7 3
+7 1
-7 1
+1 1
-1 2
+7 1
cfi=(32)
cfn=(106)
calls=1 +31 
* 5
+1 1
-1 1
+1 1
+2 4
cfi=(33)
cfn=(114)
calls=1 -18 
* 10
* 2
+2 1
+3 1
-3 1
+3 1
+13 2
cfi=(32)
cfn=(124)
calls=1 +10 
* 5
+3 7
-14 6
cfi=(34)
cfn=(116)
calls=1 -28 
* 33
* 2

fl=(35)
fn=(226)
81 4
+1 1

fn=(118)
81 32
+1 8

fl=(11)
fn=(22)
34 4
+8 6
+4 2
+11 5

fl=(13)
fn=(28)
30 3
+3 11
+2 138
+11 67
-13 201
-2 1
+19 1
-14 20
+5 2
-3 2
+3 2
+2 2

fl=(9)
fn=(18)
39 1
+7 1
-7 5
+7 1
-7 1
+10 1
-3 1
+3 5
182 2
+1 7
+7 3
+4 2
+2 4
+41 2
+4 4
+1 2
+3 1
+2 1
-2 3
+2 2
+3 2
+51 1
+1 1
+1 1
+1 8
200 2
+1 1
+6 3
+2 1
+3 3
+16 2
+1 1
+2 2
60 1
-31 2
+4 1
-4 1
+5 1
-1 1
+31 1
-30 1
+30 1
-31 1
+27 2
-26 1
+30 1
+1 1
-36 2
+3 1
+28 1
+5 1
+5 1
-17 1
+17 1
+3 1
+1 8
+74 1
-95 2

fl=(60)
fn=(230)
90 10
+5 1
-4 1
-1 1
+2 1
+3 2
+7 6
+28 3
+1 4
-97 3
+97 16
-97 12
+9 4
-3 8
+3 12
+5 9
+5 4
+8 4
+2 4
+4 8
cob=(2)
cfi=(16)
cfn=(264) 0x0000000004c2b170
calls=1 -67 
* 6
cob=(3) /usr/lib64/libc-2.17.so
cfi=(62) /usr/src/debug/glibc-2.17-c758a686/csu/../csu/init-first.c
cfn=(244) _init
calls=1 -15 
* 158
+4 2
+1 4
+6 4
+2 4
-2 2
+3 12
+1 8
cob=(4)
cfi=(55)
cfn=(268) 0x00000000000056d0
calls=1 -82 
* 16
cob=(3)
cfi=(67) /usr/src/debug/glibc-2.17-c758a686/string/../sysdeps/x86_64/cacheinfo.c
cfn=(254) init_cacheinfo
calls=1 478 
* 1879
* 2
-1 8
+49 10
+4 1
+1 8
-86 4
-15 3
+9 1
-3 2
+3 3
+5 3
+5 2
+8 2
+2 2
+4 5
cob=(2)
cfi=(16)
cfn=(232) 0x0000000004a24510
calls=1 -67 
* 6
* 1
+4 1
+1 2
+6 2
+2 2
-2 1
+3 6
+1 4
cob=(5)
cfi=(61)
cfn=(236) 0x0000000000000640
calls=1 -82 
* 17
* 1
-1 4
+17 2
-54 3

fl=(22)
fn=(62)
81 4
+1 1

fl=(38)
fn=(136)
35 8
-1 8
+1 8
+1 48
+4 2
-4 24

fl=(12)
fn=(26)
37 1
-8 1
+8 1
+1 4
+4 138
+15 69
-19 207
+22 2

fl=(17)
fn=(72)
337 3
+1 6
+4 64
+7 156
-2 106
+4 2
+6 26
-15 79
+18 1
+4 1
-4 1
+4 2
-11 2
+1 1

fn=(36)
102 10
+7 30
-3 10
+3 20
+4 10
cfn=(40)
calls=10 -20 
* 441
* 10

fn=(44)
51 116
+1 143
+11 28
+1 28
-1 28
+3 28
-3 28
+3 56
-3 1
+1 1
-1 1
+3 1
-3 1
+3 106
+4 12
+1 9
+6 21
cfi=(34)
cfn=(116)
calls=3 -45 
* 99
+2 15
+4 9
+3 3
+1 3
+2 15
-3 26
+1 26
+2 208
-31 3
+1 1
-2 3

fn=(40)
93 28
+1 56
cfn=(44)
calls=28 -43 
* 941
* 28

fn=(80) free
121 2
-2 4
+2 2
+7 4

fl=(71) /usr/src/debug/glibc-2.17-c758a686/elf/../elf/dl-runtime.c
fn=(288) _dl_fixup
66 22
+6 22
-6 11
+3 11
-1 11
+1 11
+3 11
+1 11
-1 22
+1 33
+1 11
-1 11
+1 22
+9 22
+4 33
+4 20
+1 40
+2 40
+7 33
-1 11
+11 99
cfi=(6)
cfn=(170)
calls=11 716 
* 12937
* 11
+4 33
+10 66
+16 11
-8 11
+8 33
+4 33
fi=(5)
+88 11
fe=(71)
-84 33
-64 2

fl=(10)
fn=(20)
26 20
+1 20
+1 20
+1 20
+2 10
+1 10
+2 10
+1 10
-1 31
+1 31
+1 40
+1 40
+1 40
+2 38
+5 19
+1 19
+1 19
+1 19
+3 19
-6 6
+1 6
+1 6
+1 6
+3 6
+1 21
+1 21
+1 21
+2 21
+3 17
+1 17
+1 17
+1 17
+3 17
+1 14
+1 14
+1 14
+2 14
+3 11
+1 11
+1 11
+1 11
+3 11
+1 6
+1 6
+1 6
+2 6
+3 6
+1 6
+1 6
+1 6
+3 6
+1 6
+1 6
+1 6
+2 6
+3 19
+2 19
+1 19
+1 15
+2 15
+1 15
+1 15
+2 15
+1 15
+1 12
+2 12
+1 12
+1 7
+2 7
+2 7
+1 7
+1 5
+2 5
+1 5
+1 3
+2 3
+1 3
+1 1
+2 1
+1 1
-1 19
+1 19

fl=(42)
fn=(164)
148 50
+15 5
-15 10
+15 5
+1 20
+6 10
+6 15
-18 6
+22 6
+8 10
-33 5
+78 5
fi=(5)
76 5
fe=(42)
233 10
fi=(5)
76 15
fe=(42)
259 224
159 15
fi=(5)
299 24
fe=(42)
-40 3
fi=(4)
48 3
fe=(42)
259 3
fi=(4)
58 3
fe=(42)
259 3
fi=(4)
47 6
+11 6
fe=(42)
259 2
159 10
fi=(5)
299 16
fe=(42)
-40 2
fi=(4)
48 2
fe=(42)
259 2
fi=(4)
58 2
fe=(42)
259 2
fi=(4)
47 4
+11 4
fe=(42)
259 5
fi=(4)
48 5
fe=(42)
259 5
fi=(4)
58 5
fe=(42)
259 5
fi=(4)
47 10
+11 10
+3 12
fi=(5)
508 60
+4 60
+2 90
+1 30
fi=(4)
61 123
+2 126
+2 38
-4 3
+13 6
+1 5
+1 24
fi=(5)
508 12
+24 12
fi=(4)
75 12
fi=(5)
532 12
+2 12
cob=(4)
cfi=(55)
cfn=(218) sin
calls=1 0 
* 8
cob=(4)
cfi=(55)
cfn=(216) __atan2_finite
calls=1 0 
* 8
cob=(4)
cfi=(57) /usr/src/debug/glibc-2.17-c758a686/math/../sysdeps/x86_64/fpu/multiarch/e_asin.c
cfn=(214) __asin_finite
calls=1 16 
* 5
cob=(4)
cfi=(59) /usr/src/debug////////glibc-2.17-c758a686/math/../sysdeps/x86_64/fpu/multiarch/s_floor.S
cfn=(212) floor
calls=1 25 
* 5
cob=(4)
cfi=(58) /usr/src/debug////////glibc-2.17-c758a686/math/../sysdeps/x86_64/fpu/multiarch/s_floorf.S
cfn=(210) floorf
calls=1 25 
* 5
cob=(4)
cfi=(57)
cfn=(208) __acos_finite
calls=1 10 
* 5
cob=(4)
cfi=(56) /usr/src/debug////////glibc-2.17-c758a686/math/../sysdeps/x86_64/fpu/multiarch/s_rintf.S
cfn=(206) rintf
calls=1 25 
* 5
cob=(4)
cfi=(55)
cfn=(204) __log_finite
calls=1 0 
* 8
cob=(4)
cfi=(54) /usr/src/debug/glibc-2.17-c758a686/math/../sysdeps/x86_64/fpu/multiarch/e_pow.c
cfn=(202) __pow_finite
calls=1 8 
* 5
cob=(4)
cfi=(53) /usr/src/debug////////glibc-2.17-c758a686/math/../sysdeps/x86_64/fpu/multiarch/s_rint.S
cfn=(200) rint
calls=1 25 
* 5
cob=(4)
cfi=(52) /usr/src/debug/glibc-2.17-c758a686/math/../sysdeps/x86_64/fpu/multiarch/s_sin.c
cfn=(198) cos
calls=1 20 
* 8
cob=(4)
cfi=(51) /usr/src/debug/glibc-2.17-c758a686/math/../sysdeps/x86_64/fpu/multiarch/e_exp.c
cfn=(196) __exp_finite
calls=1 15 
* 8
fi=(4)
75 12
fi=(5)
535 12
fi=(4)
75 14
fe=(42)
259 3
fi=(4)
75 9
fe=(42)
259 27
+3 15
+24 5
+3 10
+17 15
+2 40
fi=(4)
84 7
+2 14
+12 7
-15 7
+15 7
-15 7
+15 7
+10 10
+3 13
fi=(5)
498 9
fi=(4)
111 12
fi=(5)
498 3582
fi=(4)
111 4776
+7 21
+3 6
+3 6
-3 6
+3 6
-74 4
fi=(5)
425 4
fi=(4)
51 4
fi=(5)
425 16
fi=(4)
127 496
+9 234
+3 234
fi=(5)
267 117
fi=(4)
138 117
-2 117
+1 468
fi=(5)
267 117
+21 234
+4 234
+7 1518
fi=(4)
137 91
fi=(5)
299 182
fi=(4)
137 91
fi=(5)
299 91
fi=(4)
138 91
fi=(5)
299 182
fi=(4)
137 91
fi=(5)
299 283
fi=(4)
137 10
fi=(5)
299 20
fi=(4)
137 10
fi=(5)
299 10
fi=(4)
138 10
fi=(5)
299 20
fi=(4)
137 10
fi=(5)
299 1242
cfi=(6)
cfn=(170)
calls=101 716 
* 104620
* 404
+2 312
+3 109
-3 218
+3 327
+6 819
fe=(42)
177 10
+1 2
+2 4
+79 10
fi=(5)
82 6
+4 9
+14 3
-8 3
+8 6
+20 6
+11 12
418 300
fi=(4)
124 384
+19 8
+1 26
+1 21
+3 14
+4 14
-1 7
-3 7
+1 7
+1 7
-1 14
fi=(5)
299 28
+2 7
+3 7
-3 7
+3 21
471 14
+1 7
cob=(3)
cfi=(50) ???
cfn=(192) memcpy@GLIBC_2.2.5
calls=1 0 
* 15
cob=(3)
cfi=(49) /usr/src/debug/glibc-2.17-c758a686/time/../sysdeps/unix/sysv/linux/x86_64/gettimeofday.c
cfn=(190) gettimeofday
calls=1 30 
* 22
cob=(3)
cfi=(48) /usr/src/debug////////glibc-2.17-c758a686/string/../sysdeps/x86_64/multiarch/memset.S
cfn=(188) memset
calls=1 27 
* 8
cob=(3)
cfi=(44) /usr/src/debug////////glibc-2.17-c758a686/string/../sysdeps/x86_64/multiarch/strcmp.S
cfn=(186) strncasecmp
calls=1 120 
* 5
cob=(3)
cfi=(47) /usr/src/debug////////glibc-2.17-c758a686/string/../sysdeps/x86_64/multiarch/strnlen.S
cfn=(184) strnlen
calls=1 30 
* 5
cob=(3)
cfi=(45) /usr/src/debug/glibc-2.17-c758a686/time/../sysdeps/unix/sysv/linux/x86_64/time.c
cfn=(180) time
calls=1 36 
* 22
cob=(3)
cfi=(44)
cfn=(178) strcasecmp
calls=1 100 
* 5
+1 14
299 39
fi=(4)
129 26
fi=(5)
299 20
+91 39
+4 65
+5 65
-71 2
+1 3
454 9
+4 18
cfi=(18)
cfn=(46)
calls=3 61 
* 54
+2 9
+1 3
fi=(4)
108 3
fe=(42)
314 10
+1 5
+1 5
-1 5
-1 10
+2 5
+3 10
+1 15
cfi=(35)
cfn=(118)
calls=5 81 
* 25
* 10
fi=(5)
124 12
-2 6
299 14
fi=(4)
129 3
+31 8
+2 20
+8 10
+1 5
-1 5
+1 5
fi=(5)
+96 5
fi=(4)
-97 10
fi=(5)
+97 5
+21 10
+4 10
+7 135
cfi=(6)
cfn=(170)
calls=5 716 
* 5414
* 20
+2 15
+3 1
-3 2
+3 3
+6 35
418 15
fi=(4)
160 15
+14 5
fi=(5)
299 95
fe=(42)

fl=(70) /usr/src/debug////////glibc-2.17-c758a686/elf/../sysdeps/x86_64/dl-trampoline.h
fn=(286) _dl_runtime_resolve_xsave
71 1
+3 1
+2 1
+10 1
+6 1
+1 1
+1 1
+1 1
+1 1
+1 1
+1 1
+4 1
+1 1
+3 1
+1 1
+2 1
+1 1
+1 1
+1 1
+1 1
+1 1
+2 1
+13 1
+1 1
+1 1
cfi=(71)
cfn=(288)
calls=1 -65 
* 1490
+1 1
+5 1
+1 1
+1 1
+2 1
+1 1
+1 1
+1 1
+1 1
+1 1
+1 1
+2 1
+2 1
+4 1
+3 1

fn=(287) _dl_runtime_resolve_xsave'2
71 10
+3 10
+2 10
+10 10
+6 10
+1 10
+1 10
+1 10
+1 10
+1 10
+1 10
+4 10
+1 10
+3 10
+1 10
+2 10
+1 10
+1 10
+1 10
+1 10
+1 10
+2 10
+13 10
+1 10
+1 10
cfi=(71)
cfn=(288)
calls=10 -65 
* 12198
+1 10
+5 10
+1 10
+1 10
+2 10
+1 10
+1 10
+1 10
+1 10
+1 10
+1 10
+2 10
+2 10
+4 10
+3 10

fl=(36)
fn=(120)
30 12
+1 12
+1 12
+1 2180
+1 12
+1 12

fl=(24)
fn=(66)
39 8
+2 1
-2 1
+3 1
-3 2
+3 1
-3 1
+2 3
+1 2
+9 1
-10 1
+10 2
+10 4
+42 1
+3 17
+1 1
-1 4
+30 2
+8 2
+2 3
+1 2
+1 2
+3 2
+7 1
-7 1
+1 1
+7 1
-1 1
+4 3
+1 1
-1 6
+1 1
+18 12
+1 4
cfi=(17)
cfn=(40)
calls=1 -89 
* 34
* 1
+1 1
-1 1
+1 4
+26 1
+3 1
-3 2
+3 1
+28 9
+1 2
-1 2
+1 6
-1 8
+5 6
+3 1
-3 1
+3 2
-3 1
+3 1
-3 2
+3 1
-3 1
+3 2
-3 1
+3 3
+1 12
+1 4
-1 4
+1 8
-2 4
+1 8
-1 14
+4 4
+3 1
+2 2
-1 1
-1 2
+2 10
+13 2
+1 1
-1 1
+3 2
-3 2
+1 1
-1 1
+3 2
+3 3
+3 9
-65 4
cfi=(18)
cfn=(68)
calls=1 61 
* 22
+1 2
-1 2
+1 1
cfi=(18)
cfn=(68)
calls=1 61 
* 22
* 4

fl=(19)
fn=(54)
132 643
+1 643
+1 643
+1 353
+1 353
+1 353
+1 353
cfn=(55) strcmp'2
calls=353 -6 
* 13486
+5 290
+1 290
+1 290
+1 290

fn=(55)
132 1884
+1 1884
+1 1884
+1 1680
+1 1680
+1 1680
+1 1680
cfn=(55)
calls=1531 -6 
* 63665
+2 149
+1 149
+2 204
+1 204
+1 204
+1 204

fl=(29)
fn=(92)
159 42
+9 6
+2 6
cfi=(2)
cfn=(94)
calls=6 747 
* 12
* 6
+1 6
+2 12
-2 6
+2 6
cfi=(30) /usr/src/debug////////glibc-2.17-c758a686/setjmp/../sysdeps/x86_64/setjmp.S
cfn=(96) __sigsetjmp
calls=6 26 
* 120
+1 12
+2 12
+1 12
-1 6
+1 6
cfi=(37)
cfn=(132)
calls=5 60 
* 13393
cfi=(2)
cfn=(98)
calls=1 579 
* 2591
+1 6
+4 6
-4 6
+1 12
+1 12
+1 12
+10 24

fn=(148)
197 10
+1 1
cfi=(2)
cfn=(94)
calls=1 747 
* 2
+5 1
-1 1
-4 1
+9 1
+2 1
-3 1
+3 1
cfi=(2)
cfn=(150)
calls=1 611 
* 4223
+2 1
+1 1
+1 8

fl=(32)
fn=(108)
81 12
+1 3

fn=(126)
81 4
+2 5

fn=(124)
81 16
+1 4

fn=(106)
81 56
+1 4
+1 50

fl=(30)
fn=(96)
26 6
+9 6
+1 12
+1 6
+4 6
+1 6
+1 6
+1 6
+1 6
+2 12
+2 6
+1 6
+1 6
+2 12
+2 6
+4 6
+1 6

fl=(33)
fn=(114)
35 4
-1 4
+1 4
+1 24
+4 4

fl=(8)
fn=(14)
31 1
-3 1
+3 6
+8 1
-6 2
+7 1

ob=(3)
fl=(99) /usr/src/debug/glibc-2.17-c758a686/libio/iofclose.c
fn=(424) fclose@@GLIBC_2.2.5
39 3
+14 1
-14 1
+14 3
+3 18
+4 3
-3 2
fi=(98) /usr/src/debug/glibc-2.17-c758a686/libio/libioP.h
887 2
+1 3
fe=(99)
62 1
fi=(98)
959 3
+2 2
+1 2
fe=(99)
62 3
cfi=(92) /usr/src/debug/glibc-2.17-c758a686/libio/fileops.c
cfn=(440) _IO_file_finish@@GLIBC_2.2.5
calls=1 207 
* 36
+1 3
+18 6
+2 1
+1 2
cob=(2)
cfi=(16)
cfn=(444) 0x0000000004f478c8
calls=1 -84 
* 104
+4 5
-10 2
-24 1
cfi=(91) /usr/src/debug/glibc-2.17-c758a686/libio/genops.c
cfn=(426) _IO_un_link
calls=1 +6 
* 80
* 3
+4 2
cfi=(92)
cfn=(428) _IO_file_close_it@@GLIBC_2.2.5
calls=1 165 
* 120
* 3
fi=(98)
888 6
fe=(99)

fl=(76) /usr/src/debug/glibc-2.17-c758a686/setjmp/sigjmp.c
fn=(316) __sigjmp_save
29 2
-1 2
+1 2
+5 3

fl=(67)
fn=(262) intel_02_known_compare
121 162
+3 162

fn=(254)
478 2
+12 1
-12 1
+12 1
-12 1
+12 1
-12 1
+12 1
648 2
+2 1
+1 1
+2 1
-3 1
+5 1
-5 1
+4 3
+4 2
+2 1
+1 1
+2 1
+4 1
-7 1
+5 1
-5 1
+4 1
+3 2
-3 1
+3 1
-3 1
+3 2
492 2
cfn=(256) handle_intel.isra.0
calls=1 262 
* 844
+4 1
-4 1
+4 1
cfn=(256)
calls=1 262 
* 885
+2 1
-2 1
-1 1
+3 1
+9 3
+2 1
+1 1
+2 1
+5 2
+9 16
-9 12
+6 3
-6 3
+6 3
-6 3
+6 1
-6 1
+6 1
+69 4
+1 6
-65 1
+32 1
-26 5
+7 2
+4 4
+2 4
-6 4
+4 1
-2 1
+2 1
-4 3
+4 1
-2 1
+2 1
+15 1
+1 4
-9 1
+2 2
+1 1
-1 2
+1 1
+1 1

fn=(256)
262 4
+12 2
-12 12
+9 2
+1 4
-3 6
+23 10
cfn=(258) intel_check_word
calls=2 132 
* 1446
+1 4
+3 10
cfn=(258)
calls=2 132 
* 189
+1 4
-17 4
+5 2
-5 4
+5 2
+2 2
+1 2
-1 4
+27 16

fn=(258)
132 32
+1 12
+6 32
+2 4
-2 4
+2 4
+88 8
-76 20
+53 16
+23 40
-1 8
+1 8
cfi=(68) /usr/src/debug/glibc-2.17-c758a686/stdlib/bsearch.c
cfn=(260) bsearch
calls=8 26 
* 1228
+2 16
+22 8
141 16
+2 10
+2 20
-10 2
258 32
-93 10
+5 10
-5 14
+9 2
+2 4
+8 2
+4 2
-2 4
+13 3
-34 15
+5 6
+4 8
+7 9
+9 2
-2 2
+3 2
-1 2
-2 2
+1 2
+1 2
-1 6
+1 2
-2 4

fl=(49)
fn=(190)
30 1
+1 1
+3 2
-3 4
+3 1
cfi=(46) /usr/src/debug/glibc-2.17-c758a686/elf/../sysdeps/unix/sysv/linux/dl-vdso.c
cfn=(182) _dl_vdso_vsym
calls=1 -7 
* 7
+1 3
+1 3

fl=(106) /usr/src/debug/glibc-2.17-c758a686/stdio-common/_itoa.c
fn=(498) _itoa_word
168 4
+2 2
+9 14
+9 2

fl=(72) /usr/src/debug/glibc-2.17-c758a686/csu/../csu/libc-start.c
fn=(292) (below main)
132 7
+4 1
-4 3
+4 7
+62 1
-62 1
+62 1
+1 4
cfi=(73) /usr/src/debug/glibc-2.17-c758a686/stdlib/cxa_atexit.c
cfn=(294) __cxa_atexit
calls=1 56 
* 61
+22 6
+3 2
+1 5
cob=(6)
cfi=(69)
cfn=(298) __libc_csu_init
calls=1 0 
* 57
+4 4
+15 2
+9 2
cfi=(74) /usr/src/debug////////glibc-2.17-c758a686/setjmp/../sysdeps/x86_64/bsd-_setjmp.S
cfn=(312) _setjmp
calls=1 31 
* 30
+1 2
+5 2
+1 2
+3 2
+3 6
cob=(6)
cfi=(77) /h/broove01/comp40/hw7/stage8/um.c
cfn=(318) main
calls=1 33 
* 2629055967

fl=(81) /usr/src/debug/glibc-2.17-c758a686/elf/dl-addr.c
fn=(330) _dl_addr
126 9
+5 1
-5 2
+5 2
cob=(1)
cfi=(2)
cfn=(50)
calls=1 787 
* 2
+3 6
+1 4
+1 20
+1 2
30 1
+1 1
-1 1
+4 2
+5 1
+6 1
-7 1
+2 2
+2 1
-2 1
+2 1
+3 1
+5 7
+2 1
+1 2
-1 1010
+1 2020
+2 4961
+6 11170
+2 8936
+1 16325
+7 2234
-2 2234
+2 5479
-21 2022
+49 3
+1 1
+1 3
+3 2
+41 3
cob=(1)
cfi=(2)
cfn=(52)
calls=1 793 
* 2
+3 9
-13 9
-19 1
+1 1
+23 2

fl=(102) /usr/src/debug/glibc-2.17-c758a686/stdio-common/printf.c
fn=(488) printf
29 8
+4 1
-4 1
+5 1
-1 5
+1 3
cfi=(103) /usr/src/debug/glibc-2.17-c758a686/stdio-common/vfprintf.c
cfn=(490) vfprintf
calls=1 222 
* 872
+4 2

fl=(64) /usr/src/debug/glibc-2.17-c758a686/misc/init-misc.c
fn=(248) __init_misc
30 4
+1 5
+2 3
cfi=(65) /usr/src/debug////////glibc-2.17-c758a686/string/../sysdeps/x86_64/strrchr.S
cfn=(250) __GI_strrchr
calls=1 -8 
* 44
+4 5
+1 3
+2 4

fl=(80) /usr/src/debug/glibc-2.17-c758a686/malloc/arena.c
fn=(328) ptmalloc_init.part.7
368 6
+11 1
-8 1
+8 1
+7 3
+2 5
+16 2
-71 138
+16 69
-18 210
449 2
+5 2
+1 2
+2 1
+1 7
-78 5
cfi=(81)
cfn=(330)
calls=1 126 
* 56499
* 2
+1 4
-47 12
+1 6

fl=(68)
fn=(260)
26 8
+5 8
-5 72
+7 8
-7 16
+7 8
+7 10
+1 10
-8 20
+2 54
+2 54
-2 54
+1 162
+1 108
cfi=(67)
cfn=(262)
calls=54 +84 
* 324
+1 108
+1 44
-6 88
+14 8
-1 8
+1 56

fl=(45)
fn=(180)
36 1
+1 1
+3 2
-3 4
+3 1
cfi=(46)
cfn=(182)
calls=1 -13 
* 7
* 3
+1 3

fl=(74)
fn=(312)
31 1
+2 1
cfi=(75) /usr/src/debug////////glibc-2.17-c758a686/setjmp/../sysdeps/x86_64/setjmp.S
cfn=(314) __sigsetjmp
calls=1 -7 
* 28

fl=(101) /usr/src/debug/glibc-2.17-c758a686/libio/putc.c
fn=(466) putc
25 181
+3 181
-3 362
+3 2715
+1 543
fi=(98)
887 362
+1 1448
fe=(101)
32 543
-3 543
cfi=(91)
cfn=(468) __overflow
calls=181 229 
* 9977
* 362

fl=(92)
fn=(372) _IO_new_file_init_internal
143 1
+4 1
-4 3
+5 1
-1 1
+3 1
cfi=(91)
cfn=(374) _IO_link_in
calls=1 -52 
* 82
+1 1
+1 4

fn=(474) _IO_do_write@@GLIBC_2.2.5
493 8
+2 16
-2 40
+2 8
+9 32
+7 32
+8 8
fi=(98)
961 16
+1 16
fe=(92)
519 32
cfn=(476) _IO_file_write@@GLIBC_2.2.5
calls=8 1251 
* 344
* 8
+1 24
+6 8
-4 8
+4 8
-4 24
+1 16
+3 8
-2 8
-29 16
+1 24
-1 8
+1 8
-1 8
+1 16
+29 16
-4 32

fn=(494) _IO_file_xsputn@@GLIBC_2.2.5
1275 3
+7 3
-7 21
+6 6
+7 18
+21 6
+5 12
cfi=(105) /usr/src/debug////////glibc-2.17-c758a686/string/../sysdeps/x86_64/memcpy.S
cfn=(496) __GI_mempcpy
calls=3 61 
* 63
* 3
+6 3
-1 3
+1 6
+2 9
+4 1
fi=(98)
959 3
+2 2
+1 2
fe=(92)
1326 3
cfn=(470) _IO_file_overflow@@GLIBC_2.2.5
calls=1 802 
* 121
* 2
+6 2
+1 6
+2 3
+11 2
+3 6
+1 24
-60 9
+1 6
+3 9
+2 58
-2 40
+4 4

fn=(476)
1251 56
+2 40
+11 8
+1 8
-12 16
+5 8
-1 24
+1 16
cfi=(93) /usr/src/debug////////glibc-2.17-c758a686/io/../sysdeps/unix/syscall-template.S
cfn=(478) write
calls=8 81 
* 56
+1 16
+9 24
+3 72

fn=(412) _IO_file_read
1211 60
cfi=(93)
cfn=(414) read
calls=15 81 
* 105

fn=(470)
802 728
+1 546
+7 1270
+35 364
+3 362
+3 543
+1 543
+1 724
+4 181
+1 724
-45 2
+12 2
+9 4
+8 1
-4 1
+3 2
-2 2
-3 1
+1 2
+5 1
-1 1
+1 3
+1 2
+12 14
-1 7
+1 7
-1 7
cfn=(474)
calls=7 493 
* 693
* 14
-8 1
+1 1
+11 3
-12 1
cfn=(474)
calls=1 493 
* 99
-31 2
cfi=(91)
cfn=(398) _IO_doallocbuf
calls=1 395 
* 156
+1 6

fn=(580) _IO_file_sync@@GLIBC_2.2.5
863 4
+5 4
+2 1
+1 2
+17 1
+4 1
-4 1
+4 3

fn=(376) _IO_file_fopen@@GLIBC_2.2.5
256 1
+12 1
-12 8
+11 3
+2 4
426 8
277 2
-20 1
+37 12
+41 1
224 1
+1 2
-1 1
+4 1
cfi=(93)
cfn=(378) open
calls=1 81 
* 7
* 1
+4 2
+3 1
-1 1
+1 2
+3 2
-3 1
+3 1
+10 2
cfi=(91)
cfn=(374)
calls=1 98 
* 11
355 3
cfi=(94) /usr/src/debug/glibc-2.17-c758a686/string/../string/strstr.c
cfn=(382) __GI_strstr
calls=1 53 
* 25
* 1
+1 3
-83 1
-1 1
-15 2

fn=(440)
207 4
+1 2
+7 1
-1 2
+1 2
-1 1
cfi=(91)
cfn=(442) _IO_default_finish
calls=1 639 
* 24

fn=(428)
165 3
+2 1
-2 1
+2 2
+4 1
+3 1
-3 1
-1 2
+6 1
+3 1
-3 1
cfi=(91)
cfn=(430) _IO_unsave_markers
calls=1 1047 
* 9
+3 2
+4 3
+9 5
cfi=(91)
cfn=(406) _IO_setb
calls=1 381 
* 39
+1 2
+3 1
-3 1
+1 3
+2 1
cfi=(91)
cfn=(426)
calls=1 60 
* 10
+5 2
-4 1
+1 1
+1 1
+2 1
+1 4
-23 1
fi=(98)
959 3
+2 2
+1 2
fe=(92)
179 2
cfn=(432) _IO_file_close
calls=1 1245 
* 7
* 2

fn=(576) _IO_file_setbuf@@GLIBC_2.2.5
451 2
+1 1
cfi=(91)
cfn=(578) _IO_default_setbuf
calls=1 +71 
* 67
* 2
+4 2
-1 2
+2 3
+2 1
+1 2

fn=(396) _IO_file_underflow@@GLIBC_2.2.5
532 120
+8 45
+6 45
+3 30
+13 30
fi=(98)
888 45
fe=(92)
582 30
cfi=(91)
cfn=(410) _IO_switch_to_get_mode
calls=15 176 
* 360
+11 15
-5 15
fi=(98)
961 15
fe=(92)
588 30
fi=(98)
961 15
fe=(92)
589 15
+2 15
fi=(98)
962 15
fe=(92)
590 30
fi=(98)
962 15
fe=(92)
593 60
cfn=(412)
calls=15 1211 
* 165
+2 30
+10 15
-3 15
+3 30
+2 30
+1 165
-56 3
+5 2
cfi=(91)
cfn=(398)
calls=1 395 
* 143
* 2

fn=(402) _IO_file_stat
1224 2
+1 6
cfi=(97) /usr/src/debug/glibc-2.17-c758a686/io/../sysdeps/unix/sysv/linux/wordsize-64/fxstat.c
cfn=(404) _fxstat
calls=2 35 
* 20

fn=(432)
1245 2
cfi=(93)
cfn=(434) __close_nocancel
calls=1 81 
* 5

fl=(97)
fn=(404)
35 2
-1 2
+1 2
+1 12
+4 2

fl=(44)
fn=(186)
120 1
+2 1
+1 1
+1 1
+9 1

fn=(178)
100 1
+2 1
+1 1
+1 1
+9 1

fl=(79) /usr/src/debug/glibc-2.17-c758a686/malloc/hooks.c
fn=(326) malloc_hook_ini
30 2
fi=(80)
370 3
fe=(79)
29 3
cfi=(80)
cfn=(328)
calls=1 368 
* 56978
* 1
+4 1
-1 1
cfi=(78) /usr/src/debug/glibc-2.17-c758a686/malloc/malloc.c
cfn=(325) malloc'2
calls=1 2894 
* 1076

fl=(48)
fn=(188)
27 1
+1 1
+1 1
+1 1
+1 1
+2 1
+1 1
+5 1

fl=(111) /usr/src/debug/glibc-2.17-c758a686/posix/../sysdeps/unix/sysv/linux/_exit.c
fn=(582) _Exit
27 2
+4 1
+2 2

fl=(66) /usr/src/debug/glibc-2.17-c758a686/ctype/ctype-info.c
fn=(252) __ctype_init
32 5
+2 1
-2 2
+2 3
+2 5

fl=(95) /usr/src/debug/glibc-2.17-c758a686/libio/getc.c
fn=(390) getc
35 120440
+3 120440
-3 120440
+3 1806600
+1 722595
fi=(98)
887 240880
+1 963520
fe=(95)
42 361320
-3 30
cfi=(91)
cfn=(392) __uflow
calls=15 349 
* 2459
* 30

fl=(105)
fn=(496)
61 3
+4 3
+3 3
+1 3
+2 3
+1 3
+2 3
+1 3
+5 3
+1 3
+11 3
+1 3
+11 3
+1 3
+11 3
+1 4
+5 1
+1 1
+1 1
+1 1
+2 1
+2 1
+1 1
+2 1
+6 3
+4 3

fl=(109) /usr/src/debug/glibc-2.17-c758a686/stdlib/cxa_finalize.c
fn=(536) __cxa_finalize
30 6
+17 2
-17 10
+4 8
+4 12
-4 6
+32 8
+4 12
-4 6
+12 4
+3 2
-2 2
+2 12
-2 2
cfi=(110) /usr/src/debug/glibc-2.17-c758a686/nptl/../nptl/sysdeps/unix/sysv/linux/unregister-atfork.c
cfn=(538) __unregister_atfork
calls=2 -44 
* 14

fl=(89) /usr/src/debug/glibc-2.17-c758a686/io/../sysdeps/unix/sysv/linux/wordsize-64/xstat.c
fn=(356) _xstat
35 1
-1 1
+1 1
+1 6
+4 1

fl=(91)
fn=(394) _IO_default_uflow
413 15
fi=(98)
959 30
fe=(91)
413 15
fi=(98)
959 15
fe=(91)
413 30
+1 15
fi=(98)
961 30
+1 30
fe=(91)
414 30
cfi=(92)
cfn=(396)
calls=15 532 
* 1545
+1 30
+2 60
+1 60

fn=(468)
229 362
+2 543
+1 1
+1 1
fi=(98)
959 3
+2 2
+1 2
fe=(91)
233 180
fi=(98)
959 540
+2 360
+1 360
fe=(91)
233 181
+1 362
-1 181
cfi=(92)
cfn=(470)
calls=181 802 
* 6899

fn=(570) _IO_flush_all_lockp
760 8
+6 3
+6 1
-11 1
+10 1
+2 2
fi=(98)
959 2
fe=(91)
777 1
fi=(98)
959 2
fe=(91)
776 3
-1 3
+1 3
+3 9
+10 6
+4 3
-2 3
+2 6
+7 3
-27 6
+31 2
+2 3
+4 9
-31 12

fn=(406)
381 15
+1 14
+3 3
+2 12
-3 3
+3 6
+3 12
-7 7
cfi=(100) /usr/src/debug////////glibc-2.17-c758a686/misc/../sysdeps/unix/syscall-template.S
cfn=(436) munmap
calls=1 81 
* 5
* 4

fn=(392)
349 60
+2 46
+6 75
+3 30
+2 30
+6 30
+7 15
fi=(98)
959 45
+2 30
+1 30
fe=(91)
375 15
+1 15
-1 15
+1 30
-1 15
cfn=(394)
calls=15 +38 
* 1905
-24 28
+22 45

fn=(398)
395 6
+1 2
-1 2
+1 2
+6 8
-4 6
+1 2
fi=(98)
959 6
+2 4
+1 4
fe=(91)
399 4
cfi=(96) /usr/src/debug/glibc-2.17-c758a686/libio/filedoalloc.c
cfn=(400) _IO_file_doallocate
calls=2 95 
* 249
* 4

fn=(426)
60 12
+1 6
+4 6
+1 10
+2 1
-2 1
+1 1
+1 19
+2 3
+2 2
+13 1
+2 1
-2 1
+2 4
+2 1
-1 1
+1 6
+1 2
+3 12
-6 6
-13 1
+1 1
-1 2

fn=(374)
98 8
+1 6
+4 1
-2 2
+2 5
+1 10
+2 1
-2 1
+1 1
+1 1
-2 1
+2 1
-2 1
+2 14
+2 1
-2 1
+4 1
+2 1
-3 1
-1 1
+4 7
+2 1
-1 1
+1 8
+1 2
+3 8
-6 7

fn=(410)
176 60
+1 45
+3 45
+5 15
-1 30
+1 15
+7 15
-4 15
+2 30
+2 15
+1 15
+1 60

fn=(370) _IO_old_init
590 1
-16 1
+1 1
+15 1
+5 1
-21 1
+2 1
+1 1
+1 1
+17 1
-16 1
+1 1
+1 1
+1 1
+1 1
+1 1
+2 1
+1 1
+1 1
+1 1
+6 1
+1 4

fn=(368) _IO_no_init
603 9
+1 1
cfn=(370)
calls=1 -14 
* 25
+3 1
-2 1
+2 1
+2 1
+1 1
+1 1
+1 1
+1 1
+1 1
+1 1
+1 1
+1 1
+1 1
+1 1
+1 1
+2 1
+3 1
+1 6

fn=(430)
1047 1
+2 1
-2 1
+2 1
+19 3
+2 2

fn=(568) _IO_cleanup
948 1
+3 1
-3 6
+3 1
cfn=(570)
calls=1 760 
* 92
-63 1
+63 1
-63 2
fi=(98)
+71 2
fe=(91)
-59 1
fi=(98)
+59 2
fe=(91)
-69 9
+2 2
-1 4
+3 4
+6 16
+8 5
+10 1
fi=(98)
+43 2
+1 2
fe=(91)
-44 4
cfi=(92)
cfn=(576)
calls=1 451 
* 82
+3 2
+7 3
-40 9
+75 9
-53 1
+4 1
-4 1
+2 1
+1 1
+1 1
-2 1
+3 4
+6 3
+1 8

fn=(442)
639 2
+2 3
+6 3
+3 3
+6 1
+6 1
-6 1
cfn=(426)
calls=1 60 
* 10

fn=(578)
523 1
fi=(98)
959 2
fe=(91)
523 2
fi=(98)
959 1
fe=(91)
523 5
+1 1
fi=(98)
961 2
+1 2
fe=(91)
524 2
cfi=(92)
cfn=(580)
calls=1 863 
* 17
* 2
+9 1
-7 1
+7 1
-7 1
382 1
528 1
+1 1
-1 1
+1 1
382 4
+7 1
-5 1
+1 1
+4 1
536 2
+2 1
-2 1
+1 3
+2 6

fl=(78)
fn=(332) _int_malloc
3317 8474649
+30 2824883
-30 16949298
+30 25423947
+4 5649766
+14 5649766
+1 8474574
+1 2824858
+1 2824858
-1 5649716
+5 5649716
+3 13913570
+1 2782714
-1 2782714
+1 5565428
+26 84338
+1 84334
+1 84334
+2 126501
+1 21082
+3 10541
+1 21082
+5 10541
+1 10541
+1 10541
+2 31623
1908 2796683
3749 2796683
1908 5593366
3751 2796683
+58 22599064
3442 16
+1 4
+1 4
cfn=(334) malloc_consolidate
calls=1 4100 
* 793
* 2
3794 1
5002 2
3794 3
+2 25
5000 1
+2 1
-2 3
3463 2
3794 31627
5002 63254
3794 94881
+2 790675
5000 31627
+2 31627
-2 94881
3463 63278
+67 41922
+1 83844
+1 27948
+45 13974
+7 13974
-6 13974
+1 13974
+1 13974
+1 13974
+3 13974
-52 6
+45 6
+7 6
-6 6
+1 6
+1 6
+1 6
+3 6
3463 136860
+2 17197
-1 17197
+1 34394
+1 34394
+7 17197
+10 68788
+34 15455
-5 15455
+1 15455
+4 15455
+12 27960
+6 48
+1 3
+1 3
+3 6
-5 19
+1 1
+1 1
+3 2
-5 10
+1 2
+1 2
+3 4
+34 24
-39 8
-50 3692
-1 7384
+2 3679
-1 7358
+4 1742
+1 3484
+4 3484
-3 3484
+1 3484
+1 3484
+1 1742
+2 1578
+1 1578
+3 11046
+2 3156
-2 1578
+2 1578
+4 1578
1908 1578
3503 1578
1908 3156
3500 1148
+2 328
-2 164
+2 164
+4 164
1908 164
3503 164
1908 53778
3535 14
+58 56846
+70 28423
+1 28423
+1 28423
-1 28423
+1 28423
+1 56846
+1 56846
+5 115220
+2 75018
+2 100008
-2 75000
+2 99996
-2 49986
+2 74976
+95 24995
+3 24995
-2 49990
+2 49990
+16 44
+1 24
cfn=(334)
calls=12 4100 
* 560187
+2 12
+1 12
-1 12
3684 2658
+1 2658
-2 12936
+7 3810
+3 7620
+1 382
+1 382
+1 382
-2 1528
+59 382
3519 1475
-1 2950
+1 2950
1908 1475
3522 1475
1908 2950
3524 2950
3378 13913570
3594 4
+3 6
3442 26
3676 32
+2 8
+1 16
-1 3
+1 6
+21 10284
+8 3428
-3 6856
+3 41154
+3 6856
+2 1491
-1 1491
+1 4473
-37 9
+48 1937
-5 1937
+6 3874
+11 1937
-6 1937
+1 1937
+1 1937
+1 1937
+3 1937
+1 1937
+1 3874
+2 6
+1 6
+2 42
+2 12
-2 6
+2 6
+1 12
-3 13517
+2 3862
-2 1931
+2 1931
+1 3862
3442 7
3803 40
cfn=(336) sysmalloc
calls=10 2286 
* 1669
+1 10
-1 10
+1 10
1908 40
3778 24973
-3 24973
+1 49946
+2 24973
-1 24973
+1 49946
+2 24973
-2 74919
+5 24973
-5 24973
+2 24973
1908 74919
3708 72

fn=(324) malloc
2894 11299532
+5 5649766
+1 5649766
+3 19774174
+2 8474646
cfn=(332)
calls=2824882 3317 
* 170668634
+3 2824882
-3 2824882
+3 2824882
+6 5649764
+1 11299528
+5 14124410
-17 16949292
+5 5649764
-7 1
+19 3
-19 1
cfi=(79)
cfn=(326)
calls=1 30 
* 58065

fn=(325)
2894 4
+5 2
+1 2
+3 7
+2 3
cfn=(332)
calls=1 3317 
* 1036
+3 1
-3 1
+3 1
+6 2
+1 4
+5 5
-17 6
+5 2

fn=(446) free
2930 5649770
+1 5649770
+5 5649770
+5 2824883
-2 2824883
+2 5649766
+16 8474646
+1 8474646
cfn=(448) _int_free
calls=2824882 3817 
* 206097474
-14 3
+1 2
+1 2
+2 1
+1 1
-1 1
+1 1
+1 2
2825 2
+1 1
+6 1
-7 1
+7 6
+7 1
+1 1
+5 1
cfi=(100)
cfn=(436)
calls=1 81 
* 5
* 2

fn=(448)
3817 28248820
+13 8474646
+6 11299528
+1 5649764
+13 11299528
+13 5649764
+11 11299432
+1 8474574
1915 2824858
3899 2824858
1915 5649716
3901 8474574
+1 5649716
+1 2824858
+3 2824858
-3 2824858
+9 8474574
-5 8474574
+14 11167938
+2 2824858
+2 16949148
+2 11167938
4083 22598864
3938 48
3828 24
3939 48
+9 24
-4 24
+4 48
+6 48
+8 72
+6 48
+1 48
+1 48
1915 72
3979 48
+1 4
+2 4
-1 4
+2 56
+3 48
+5 46
+4 23
+9 23
-1 23
+2 46
+7 23
-2 23
+1 23
+1 23
+2 1
+1 1
+2 1
+1 1
+2 3
+1 1
+30 2
-34 22
+1 22
+2 66
+1 22
+30 46
+1 2
+3 3
+16 48
+2 96
+10 192
3940 144
+1 48
4057 5
-25 1
+1 3
+1 2
+19 2
cfn=(334)
calls=1 +47 
* 143404
* 1
-97 72
-2 48

fn=(334)
4100 112
+22 28
+1 39
+12 13
5002 13
4125 13
+11 13
-1 13
5000 13
+2 13
-2 52
4138 26
+1 26
-1 234
+1 338
+22 751
-1 751
+1 9763
+4 21113
+4 21113
-3 21113
+1 21113
+2 21113
+1 2120
+1 2120
+3 2120
+1 2120
+1 2120
-2 2120
+12 2120
-12 2120
+3 2120
+9 2120
-12 18993
+1 18993
+1 18993
-2 18993
+12 18993
-12 18993
+3 18993
+9 40080
-41 21087
-3 21087
+3 42174
+1 21087
+1 42174
+2 42174
-4 26
-3 26
+3 52
+1 26
+1 52
+2 52
+1 4086
+2 4086
-1 4086
+2 63519
+3 42226
+3 42226
+4 40724
+26 520
+6 105
-73 3
1835 1
+2 3
-2 128
+2 378
-2 252
+6 3
+5 1
+2 1
-2 1
4195 8
1845 3

fn=(336)
2286 90
+21 10
+11 10
-11 20
+11 10
+1 29
+79 9
+20 9
-19 18
+19 18
2724 18
+6 9
+3 9
-3 9
+3 18
+1 9
+3 27
-2 9
+2 18
+1 9
-1 9
-1 9
+1 9
+1 9
+2 9
+6 72
-6 1
+6 8
-21 18
2320 3
+14 4
+6 2
2469 18
+19 18
-19 45
+19 18
+8 9
-8 9
+8 9
2342 8
cfi=(82) /usr/src/debug/glibc-2.17-c758a686/misc/../sysdeps/unix/sysv/linux/wordsize-64/mmap.c
cfn=(338) mmap
calls=1 32 
* 33
+2 3
+34 1
-5 3
+5 4
+3 1
+1 1
-1 1
+1 1
+1 2
2497 54
cfi=(85) /usr/src/debug/glibc-2.17-c758a686/malloc/morecore.c
cfn=(344) __default_morecore
calls=9 46 
* 582
+1 9
-1 9
+1 9
+3 36
+2 18
+1 18
+18 18
+25 18
+2 18
2400 9
2555 9
-6 9
+6 25
+1 40
+2 6
+42 3
+19 1
+3 2
+1 4
+3 1
-3 1
+3 2
cfi=(85)
cfn=(344)
calls=1 46 
* 45
+12 3
+5 2
+1 4
+35 1
+1 1
-2 1
+1 2
+12 1
-12 1
+1 2
+11 1
2379 2
2548 5
+10 2

fl=(86) /usr/src/debug/glibc-2.17-c758a686/misc/sbrk.c
fn=(346) sbrk
34 10
+8 10
-8 30
+8 57
+4 20
+4 36
+3 9
cfi=(87) /usr/src/debug/glibc-2.17-c758a686/misc/../sysdeps/unix/sysv/linux/x86_64/brk.c
cfn=(348) brk
calls=9 -22 
* 117
* 18
+4 50
-14 20
cfi=(87)
cfn=(348)
calls=10 -12 
* 130
* 40

fl=(103)
fn=(490)
222 11
+35 3
1271 3
+4 5
+11 2
+11 1
fi=(113) /usr/src/debug/glibc-2.17-c758a686/stdio-common/printf-parse.h
109 2
fe=(103)
1297 5
fi=(113)
109 1
cfi=(104) /usr/src/debug////////glibc-2.17-c758a686/string/../sysdeps/x86_64/strchrnul.S
cfn=(492) strchrnul
calls=1 -83 
* 32
fe=(103)
1312 1
fi=(113)
109 1
fe=(103)
1308 1
+4 2
+4 1
fi=(114) /usr/src/debug/glibc-2.17-c758a686/stdio-common/../libio/libioP.h
959 1
+2 1
-2 3
+2 2
+1 2
fe=(103)
1316 6
cfi=(92)
cfn=(494)
calls=1 -41 
* 162
* 3
2058 2
cob=(2)
cfi=(16)
cfn=(444)
calls=1 0 
* 8
+1 2
cob=(2)
cfi=(16)
cfn=(444)
calls=1 0 
* 8
+2 5
+3 1
+1 8
1271 2
+41 7
+1 15
2061 5
+1 3
1316 2
+4 1
-4 1
+4 2
+4 7
270 1
-6 1
-3 1
1301 1
-8 1
227 1
1372 8
-3 1
-1 1
-17 1
+1 1
+1 1
+1 1
+1 1
+1 1
+1 1
+1 1
+1 1
+1 1
+1 1
+3 1
+1 1
1554 2
-21 3
1372 9
2056 2
1654 2
+8 1
fi=(113)
109 3
fe=(103)
1662 1
fi=(113)
109 1
fe=(103)
1662 1
fi=(113)
109 1
cfi=(104)
cfn=(492)
calls=1 -83 
* 23
fe=(103)
1666 1
fi=(114)
961 1
fe=(103)
1662 1
fi=(114)
962 1
-1 2
+1 3
fe=(103)
1666 7
cfi=(92)
cfn=(494)
calls=1 1275 
* 224
* 5
-10 1
+10 8
+2 1
-2 1
+2 1
-34 38
fi=(114)
961 3
+1 2
fe=(103)
1634 6
cfi=(92)
cfn=(494)
calls=1 1275 
* 73
* 21
cfi=(106)
cfn=(498)
calls=1 168 
* 22
* 42

fl=(73)
fn=(294)
56 6
-22 2
cfn=(296) __new_exitfn
calls=1 +38 
* 39
+2 2
+4 1
+3 1
+1 1
-4 2
+2 1
+4 1
+1 1
+11 4

fn=(296)
72 1
+6 2
-6 3
+6 4
+2 4
-7 2
+9 3
-2 1
+10 1
-10 2
+45 1
+1 1
+3 4
+3 5
-35 2
+14 1
+1 2

fl=(110)
fn=(538)
35 2
-8 4
+11 4
+82 4

fl=(62)
fn=(244)
52 8
+6 6
+17 1
fi=(63) /usr/src/debug/glibc-2.17-c758a686/csu/../sysdeps/unix/sysv/linux/x86_64/init-first.c
-35 2
fe=(62)
+33 1
+1 1
fi=(63)
-34 1
-2 2
fe=(62)
+37 1
fi=(63)
-37 3
+2 1
cfi=(46)
cfn=(182)
calls=1 -13 
* 7
+1 2
+5 2
-3 2
+1 1
+2 1
cfi=(46)
cfn=(182)
calls=1 -19 
* 7
fe=(62)
+43 1
fi=(63)
-39 1
fe=(62)
+39 2
fi=(63)
-39 2
+1 2
+1 1
fe=(62)
+37 1
cfi=(64)
cfn=(248)
calls=1 -59 
* 68
+8 1
cfi=(66)
cfn=(252)
calls=1 -65 
* 16
+5 6
-35 1
-9 1
+9 4
fi=(63)
-25 2
fe=(62)

fl=(90) /usr/src/debug/glibc-2.17-c758a686/libio/iofopen.c
fn=(364) __fopen_internal
61 6
+8 1
-8 2
+8 1
cob=(2)
cfi=(16)
cfn=(366) 0x0000000004f478c0
calls=1 -69 
* 179
+2 1
-2 1
+2 1
+3 1
+3 5
-3 1
+3 1
cfi=(91)
cfn=(368)
calls=1 603 
* 58
+4 1
+1 1
-1 1
+1 1
cfi=(92)
cfn=(372)
calls=1 +61 
* 95
+4 5
cfi=(92)
cfn=(376)
calls=1 256 
* 113
* 1
+1 1
-1 1
+6 5
-5 1
cfn=(384) __fopen_maybe_mmap
calls=1 -46 
* 4

fn=(362) fopen@@GLIBC_2.2.5
97 2
cfn=(364)
calls=1 -36 
* 488

fn=(384)
41 1
-2 1
+2 1
+15 1

fl=(93)
fn=(478)
81 16
cfn=(480) __write_nocancel
calls=8 * 
* 40

fn=(378)
81 2
cfn=(380) __open_nocancel
calls=1 * 
* 5

fn=(414)
81 30
cfn=(416) __read_nocancel
calls=15 * 
* 75

fn=(434)
81 5

fn=(480)
81 40

fn=(380)
81 5

fn=(416)
81 75

fl=(47)
fn=(184)
30 1
+1 1
+1 1
+1 1
+2 1

fl=(50)
fn=(192)
0 15

fl=(107) /usr/src/debug/glibc-2.17-c758a686/stdlib/exit.c
fn=(504) exit
98 2
+1 2
-1 1
+1 1
cfn=(506) __run_exit_handlers
calls=1 -63 
* 2233

fn=(506)
36 9
+5 6
+4 3
-4 3
+4 3
+3 1
-1 1
+2 5
+33 1
+1 1
-1 1
+1 1
+6 2
+1 5
cfi=(91)
cfn=(568)
calls=1 948 
* 286
* 3
+2 2
cfi=(111)
cfn=(582)
calls=1 -65 
* 5
-19 1
+4 2
-2 2
+2 1
cob=(1)
cfi=(108)
cfn=(508)
calls=1 +55 
* 1888
+1 1

fl=(65)
fn=(250)
25 1
+1 1
+1 1
+1 1
+1 1
+1 1
+1 1
+1 1
+1 1
+1 1
+1 1
+1 1
+1 1
+1 1
+1 1
+1 1
+1 1
+1 1
+1 1
+1 1
+1 1
+1 1
+1 1
+2 1
+1 1
+1 1
+1 1
+1 1
+1 1
+1 1
+1 1
+1 1
+1 1
+2 1
+1 1
+1 1
+1 1
+7 1
+1 1
+1 1
+1 1
+1 1
+1 1
+1 1

fl=(100)
fn=(436)
81 8
+1 2

fl=(85)
fn=(344)
46 10
+1 10
cfi=(86)
cfn=(346)
calls=10 -13 
* 547
+2 30
+2 30

fl=(87)
fn=(348)
31 19
-3 19
+3 133
+8 19
-6 38
+7 19

fl=(96)
fn=(400)
95 10
+15 8
fi=(98)
959 6
+2 4
+1 4
fe=(96)
110 6
cfi=(92)
cfn=(402)
calls=2 1224 
* 28
* 4
+2 8
+11 9
-14 1
+18 6
cfi=(82)
cfn=(338)
calls=1 -95 
* 33
* 6
cfi=(82)
cfn=(338)
calls=1 -95 
* 33
* 4
+1 10
cfi=(91)
cfn=(406)
calls=2 381 
* 42
+1 2
+1 13
-13 1
fi=(115) /usr/src/debug/glibc-2.17-c758a686/libio/../sysdeps/unix/sysv/linux/sys/sysmacros.h
-71 6
fe=(96)
+71 1
-2 2
+5 2

fl=(104)
fn=(492)
26 2
+1 2
+1 2
+1 2
+1 2
+1 2
+1 2
+1 2
+1 2
+1 2
+1 2
+1 2
+1 2
+1 2
+1 2
+1 2
+1 2
+1 2
+1 2
+1 2
+2 1
+1 1
+1 1
+1 1
+1 1
+1 1
+1 1
+1 1
+1 1
+2 2
+1 2
+1 2

fl=(75)
fn=(314)
26 1
+9 1
+1 2
+1 1
+4 1
+1 1
+1 1
+1 1
+1 1
+2 2
+2 1
+1 1
+1 1
+2 2
+2 1
+9 1
cfi=(76)
cfn=(316)
calls=1 -35 
* 9

fl=(82)
fn=(338)
32 3
+1 3
-1 27
+1 9
+1 30
+2 21
-3 6

fl=(94)
fn=(382)
53 8
+10 3
+2 2
+1 1
+23 8
-26 1
-5 2

fl=(46)
fn=(182)
27 4
-1 4
+1 4
+4 8
-3 8

ob=(4)
fl=(59)
fn=(212)
25 1
+1 1
+1 1
+1 1
+2 1

fl=(52)
fn=(198)
20 8

fl=(58)
fn=(210)
25 1
+1 1
+1 1
+1 1
+2 1

fl=(51)
fn=(196)
15 8

fl=(56)
fn=(206)
25 1
+1 1
+1 1
+1 1
+2 1

fl=(55)
fn=(216)
0 8

fn=(268)
0 16

fn=(560) 0x0000000000005620
0 9

fn=(204)
0 8

fn=(550)
0 8
cob=(2)
cfi=(16)
cfn=(556) 0x0000000004c2b308
calls=1 0 
0 54
0 1
cfn=(560)
calls=1 0 
0 9
0 3

fn=(218)
0 8

fl=(53)
fn=(200)
25 1
+1 1
+1 1
+1 1
+2 1

fl=(57)
fn=(208)
10 5

fn=(214)
16 5

fl=(54)
fn=(202)
8 5

ob=(2)
fl=(16)
fn=(300) 0x0000000000400938
0 6

fn=(522)
0 3

fn=(232)
0 6

fn=(444)
0 3
cob=(3)
cfi=(78)
cfn=(446)
calls=3 2930 
0 117

fn=(264)
0 6

fn=(566)
0 3

fn=(556)
0 1
cob=(3)
cfi=(109)
cfn=(536)
calls=1 30 
0 53

fn=(78)
0 2
cob=(1)
cfi=(17)
cfn=(80)
calls=2 121 
0 12

fn=(366)
0 1
cob=(3)
cfi=(78)
cfn=(324)
calls=1 2894 
0 178

fn=(548)
0 3

ob=(5)
fl=(61)
fn=(524)
0 8
cob=(1)
cfi=(70)
cfn=(287)
calls=1 71 
0 1089
0 5
0 1
cfn=(542) 0x0000000000000570
calls=1 0 
0 9
0 3

fn=(542)
0 9

fn=(236)
0 17

ob=(6)
fl=(77)
fn=(318)
33 7
+7 1
-7 2
+4 1
-1 4
+4 1
cob=(1)
cfi=(70)
cfn=(287)
calls=1 +31 
* 59383
* 5
* 1
+3 1
cfi=(83) /usr/sup/src/cii40/src/stack.c
cfn=(340) Stack_new
calls=1 -29 
* 465
+19 1
-19 1
+19 1
fi=(88) /usr/include/sys/stat.h
456 4
cob=(1)
cfi=(70)
cfn=(287)
calls=1 71 
* 1298
* 5
fe=(77)
73 5
+3 1
-3 1
+3 1
cob=(3)
cfi=(78)
cfn=(324)
calls=1 2894 
* 183
* 1
+7 1
-6 1
+2 1
+4 1
-7 1
+7 1
cob=(1)
cfi=(70)
cfn=(287)
calls=1 -12 
* 1762
* 5
+2 1
-2 1
+2 1
+5 7
-57 2
+60 2
cob=(1)
cfi=(70)
cfn=(287)
calls=1 -22 
* 1538
* 5
-60 60218
+60 60218
cob=(3)
cfi=(95)
cfn=(390)
calls=30109 -58 
* 1116203
* 30109
* 180660
cob=(3)
cfi=(95)
cfn=(390)
calls=90330 -58 
* 3342210
* 90330
+1 120440
-2 120440
+2 240880
-2 240880
+5 60220
-7 60220
+10 1
-20 1
-45 1
+65 1
cob=(1)
cfi=(70)
cfn=(287)
calls=1 -29 
* 1783
* 5
-58 1
-8 2
+70 1
+4 1
-4 1
+6 2
+2 2
-8 85070521
+4 85070521
-4 85070521
+6 170141042
+2 170141042
+15 210067288
+1 52516822
+1 52516822
-1 52516822
+1 52516822
-1 52516822
+7 52516822
-7 52516822
+7 105033644
-17 162768500
+2 32553700
223 724
cob=(3)
cfi=(101)
cfn=(466)
calls=180 25 
* 16942
cob=(1)
cfi=(70)
cfn=(287)
calls=1 71 
* 1636
* 185
+1 181
-8 4230135
+1 2820090
cob=(3)
cfi=(78)
cfn=(446)
calls=1410044 2930 
* 125231824
cob=(1)
cfi=(70)
cfn=(287)
calls=1 71 
* 1362
* 1410049
+3 1410045
-2 1410045
+2 2820090
cfi=(83)
cfn=(456) Stack_push
calls=1410045 25 
* 207298607
+1 1410045
-39 7074170
cob=(3)
cfi=(78)
cfn=(324)
calls=1414834 2894 
* 142636629
* 1414834
+1 1414834
-1 1414834
+3 1414834
-2 1414834
+2 7074170
+1 2829668
-1 2829668
+1 14189112
-1 14189112
+3 2829668
cfi=(83)
cfn=(450) Stack_empty
calls=1414834 21 
* 18392842
* 2829668
+3 84192
+12 21048
+2 21048
+7 42096
+1 21048
-1 2787572
+1 1393790
-43 1
+1 2
-1 21048
+1 42096
+1 4790
cob=(3)
cfi=(78)
cfn=(446)
calls=4790 2930 
* 570244
* 4790
* 21049
-5 42098
+8 2
cob=(3)
cfi=(78)
cfn=(446)
calls=1 2930 
* 42
* 1
+1 2
cfi=(83)
cfn=(482) Stack_free
calls=1 46 
* 1886175
+1 4
cob=(1)
cfi=(70)
cfn=(287)
calls=1 71 
* 2198
* 5
+1 2
cob=(1)
cfi=(70)
cfn=(287)
calls=1 71 
* 3434
* 5
-15 21479450
+1 4295890
-4 851680
+1 170336
-4 419660
+1 104915
-4 15705200
+1 3141040
-5 16200748
+1 97204488
+1 16200748
-8 38922608
+1 97306520
+1 19461304
-9 8239257
+1 12311150
+97 3571109
+2 3571109
-2 3571109
+2 10713327
-30 2787572
cfi=(83)
cfn=(458) Stack_pop
calls=1393786 34 
* 190947918
* 1393786
+1 4181358

fl=(84) /usr/sup/src/cii40/src/mem.c
fn=(460) Mem_free
36 8460276
+1 2820092
+1 4230138
cob=(3)
cfi=(78)
cfn=(446)
calls=1410046 2930 
* 125493330
* 1410046
+1 2820092

fn=(342) Mem_alloc
8 11280368
+3 4230138
cob=(3)
cfi=(78)
cfn=(324)
calls=1410046 2894 
* 141026924
* 1410046
* 1410046
+1 2820092
+7 1410046
+1 2820092

fl=(83)
fn=(458)
34 8362716
+4 2787572
-4 2787572
+5 4181358
+1 5575144
+1 6968930
+1 4181358
+1 6968930
cfi=(84)
cfn=(460)
calls=1393786 -7 
* 143559194
* 1393786
+1 1393786
+1 2787572

fn=(482)
46 6
+2 4
-2 1
+3 5
+1 48777
+1 81295
cfi=(84)
cfn=(460)
calls=16259 -15 
* 1674677
* 16259
-2 65038
+4 6
cfi=(84)
cfn=(460)
calls=1 -17 
* 103
* 2
+1 2

fn=(456)
25 9870315
+3 5640180
cfi=(84)
cfn=(342)
calls=1410045 -20 
* 166407302
* 1410045
+1 4230135
+1 5640180
+1 4230135
+1 7050225
+1 2820090

fn=(340)
14 3
+2 4
cfi=(84)
cfn=(342)
calls=1 -8 
* 450
* 1
+1 2
+1 2
+1 1
+1 2

fn=(450)
21 8489004
+2 7074170
+1 2829668

fl=(69)
fn=(516) 0x0000000000400f20
0 9

fn=(278)
0 11
cob=(1)
cfi=(70)
cfn=(286)
calls=1 71 
0 2629057705
0 5

fn=(512)
0 5
cfn=(516)
calls=1 0 
0 9
0 3

fn=(298)
0 16
cob=(2)
cfi=(16)
cfn=(300)
calls=1 0 
0 6
0 7
cfn=(304) 0x0000000000400fd0
calls=1 0 
0 17
0 11

fn=(304)
0 17

totals: 2629221894
